T 36 90 210.247133 -7.189852 210.319595 -7.250940 107
10
11
12
13
14
15
16
17
18
19
20
21
22
23
24
25
26
27
28
29
30
31
32
33
34
35
36
37
38
39
40
41
42
43
44
45
46
47
48
49
50
51
52
53
54
55
56
57
58
59
60
61
62
63
64
65
66
67
68
69
70
71
72
73
74
75
76
77
78
79
80
81
82
83
84
85
86
87
88
89
90
91
92
93
94
95
96
97
98
99
100
101
102
103
104
105
106
107
108
109
110
111
112
113
114
115
116
T 399 445 148.908007 2.748442 148.816397 2.724453 91
377
378
379
380
381
382
383
384
385
386
387
388
389
390
391
392
393
394
395
396
397
398
399
400
401
402
403
404
405
406
407
408
409
410
411
412
413
414
415
416
417
418
419
420
421
422
423
424
425
426
427
428
429
430
431
432
433
434
435
436
437
438
439
440
441
442
443
444
445
446
447
448
449
450
451
452
453
454
455
456
457
458
459
460
461
462
463
464
465
466
467
T 136 174 188.663090 8.633519 188.675179 8.719981 77
117
118
119
120
121
122
123
124
125
126
127
128
129
130
131
132
133
134
135
136
137
138
139
140
141
142
143
144
145
146
147
148
149
150
151
152
153
154
155
156
157
158
159
160
161
162
163
164
165
166
167
168
169
170
171
172
173
174
175
176
177
178
179
180
181
182
183
184
185
186
187
188
189
190
191
192
193
T 314 349 149.395855 0.823373 149.444052 0.811288 70
297
298
299
300
301
302
303
304
305
306
307
308
309
310
311
312
313
314
315
316
317
318
319
320
321
322
323
324
325
326
327
328
329
330
331
332
333
334
335
336
337
338
339
340
341
342
343
344
345
346
347
348
349
350
351
352
353
354
355
356
357
358
359
360
361
362
363
364
365
366
T 1065 1100 223.306140 -39.266361 223.359517 -39.263193 68
1049
1050
1051
1052
1053
1054
1055
1056
1057
1058
1059
1060
1061
1062
1063
1064
1065
1066
1067
1068
1069
1070
1071
1072
1073
1074
1075
1076
1077
1078
1079
1080
1081
1082
1083
1084
1085
1086
1087
1088
1089
1090
1091
1092
1093
1094
1095
1096
1097
1098
1099
1100
1101
1102
1103
1104
1105
1106
1107
1108
1109
1110
1111
1112
1113
1114
1115
1116
T 500 526 224.580866 -38.083870 224.511844 -38.130866 51
488
489
490
491
492
493
494
495
496
497
498
499
500
501
502
503
504
505
506
507
508
509
510
511
512
513
514
515
516
517
518
519
520
521
522
523
524
525
526
527
528
529
530
531
532
533
534
535
536
537
538
T 267 287 254.623671 -39.884967 254.653662 -39.890597 39
258
259
260
261
262
263
264
265
266
267
268
269
270
271
272
273
274
275
276
277
278
279
280
281
282
283
284
285
286
287
288
289
290
291
292
293
294
295
296
T 234 250 252.935852 -39.561886 252.978709 -39.570168 31
227
228
229
230
231
232
233
234
235
236
237
238
239
240
241
242
243
244
245
246
247
248
249
250
251
252
253
254
255
256
257
T 208 220 271.205706 -25.338632 271.217881 -25.374081 25
202
203
204
205
206
207
208
209
210
211
212
213
214
215
216
217
218
219
220
221
222
223
224
225
226
T 1531 1544 7.777096 -43.313289 7.726315 -43.286770 24
1526
1527
1528
1529
1530
1531
1532
1533
1534
1535
1536
1537
1538
1539
1540
1541
1542
1543
1544
1545
1546
1547
1548
1549
T 1583 1594 9.502977 -42.043774 9.545501 -42.045883 22
1578
1579
1580
1581
1582
1583
1584
1585
1586
1587
1588
1589
1590
1591
1592
1593
1594
1595
1596
1597
1598
1599
T 1035 1044 223.050121 -39.277709 223.073800 -39.277030 18
1031
1032
1033
1034
1035
1036
1037
1038
1039
1040
1041
1042
1043
1044
1045
1046
1047
1048
T 543 551 222.932076 -39.235029 222.870665 -39.274844 17
539
540
541
542
543
544
545
546
547
548
549
550
551
552
553
554
555
T 472 480 151.579476 3.391907 151.618346 3.377755 17
468
469
470
471
472
473
474
475
476
477
478
479
480
481
482
483
484
T 1459 1472 10.812754 -43.184243 10.826563 -43.190556 15
1454
1455
1457
1459
1461
1463
1465
1467
1469
1470
1471
1472
1473
1475
1477
T 1491 1505 11.135426 -43.331622 11.149606 -43.338001 12
1488
1489
1491
1493
1495
1497
1498
1500
1503
1505
1507
1509
T 1490 1504 10.050852 -44.602135 10.025402 -44.589617 12
1486
1487
1490
1492
1494
1496
1499
1501
1502
1504
1506
1508
T 660 666 222.990682 -38.061157 223.031806 -37.991785 11
658
659
660
661
662
663
664
665
666
667
668
T 1456 1468 10.617093 -44.869210 10.605558 -44.863766 11
1452
1453
1456
1458
1460
1462
1464
1466
1468
1474
1476
T 558 563 321.842748 -16.492442 321.885415 -16.473633 10
556
557
558
559
560
561
562
563
564
565
T 735 764 356.705276 -9.953412 356.800537 -9.952266 10
733
734
735
736
737
738
763
764
765
766
T 729 760 355.264432 -12.623367 355.355891 -12.583775 10
727
728
729
730
731
732
759
760
761
762
T 369 374 151.079651 0.615968 151.200827 0.547416 10
367
368
369
370
371
372
373
374
375
376
T 809 828 254.119367 -13.139697 254.137755 -13.212888 9
807
808
809
810
811
812
828
829
830
T 1379 1383 9.272212 -42.496117 9.277315 -42.498537 9
1377
1378
1379
1380
1381
1382
1383
1384
1385
T 678 683 299.217437 -23.669231 299.176729 -23.902386 8
677
678
679
680
681
682
683
684
T 1621 1626 332.545204 -15.967405 332.559583 -16.015070 8
1620
1621
1622
1623
1624
1625
1626
1627
T 751 755 355.236912 -1.469976 355.254771 -1.472194 7
750
751
752
753
754
755
756
T 1 5 188.206780 6.167761 188.224033 6.326195 7
0
1
2
3
4
5
6
T 1607 1612 308.238255 -16.667487 308.100160 -16.680525 7
1606
1607
1608
1609
1610
1612
1613
T 942 946 61.056164 -48.574624 61.055524 -48.571797 7
941
942
943
944
945
946
947
T 1602 1611 308.872284 -17.522774 308.683429 -17.611286 4
1602
1603
1605
1611
P 1604 1614
T 1551 1554 231.830996 -39.706045 231.837996 -39.718924 6
1550
1551
1552
1553
1554
1555
T 7 9 188.228246 6.363067 188.229346 6.372372 3
7
8
9
T 633 641 296.632979 -12.905559 296.988975 -13.078671 6
632
633
634
635
641
642
T 1629 1632 320.002294 -11.894482 319.984018 -11.876978 6
1628
1629
1630
1631
1632
1633
T 969 974 245.917788 -11.962079 245.939699 -12.028212 6
968
969
970
973
974
976
T 1148 1151 329.661833 -13.229784 329.741796 -13.297497 6
1147
1148
1149
1150
1151
1152
T 1285 1288 310.978130 -19.744223 310.932399 -19.818221 6
1284
1285
1286
1287
1288
1289
T 1154 1157 332.829177 -12.341834 332.875915 -12.273047 6
1153
1154
1155
1156
1157
1158
T 1239 1242 266.723790 -15.143711 266.742685 -15.171991 6
1238
1239
1240
1241
1242
1243
T 1521 1524 12.680524 -43.991215 12.696896 -43.998333 6
1520
1521
1522
1523
1524
1525
T 1425 1428 65.179422 -46.941900 65.187548 -46.938030 6
1424
1425
1426
1427
1428
1429
T 899 902 261.049022 -13.437238 261.027823 -13.429090 6
898
899
900
901
902
903
T 772 774 0.918361 4.634878 0.968360 4.656337 5
771
772
773
774
775
T 1005 1007 306.753556 -27.445090 306.710701 -27.413868 5
1004
1005
1006
1007
1011
T 797 799 258.005196 -18.867876 258.031472 -18.823010 5
796
797
798
799
802
T 962 964 296.161137 -16.361635 296.069961 -16.389605 5
961
962
963
964
965
T 723 725 346.738474 1.155210 346.711192 1.252378 5
722
723
724
725
726
T 1300 1304 59.132766 -49.571442 59.158644 -49.561615 5
1299
1300
1302
1304
1306
T 1298 1303 57.596696 -49.718246 57.592174 -49.729006 5
1297
1298
1301
1303
1305
T 1662 1666 337.404920 -13.580529 337.410088 -13.604346 5
1661
1662
1665
1666
1668
T 567 569 317.798747 -10.990637 317.819441 -10.989174 5
566
567
568
569
570
T 804 806 260.476473 -14.461931 260.528028 -14.510764 5
803
804
805
806
827
T 1291 1295 309.589193 -20.325169 309.679060 -20.210116 5
1290
1291
1294
1295
1296
T 814 816 245.041935 -9.560922 245.052939 -9.598167 5
813
814
815
816
817
T 195 198 210.778956 -8.122411 210.805064 -8.182243 4
195
196
197
198
T 685 688 298.070154 -24.300442 298.065626 -24.367648 4
685
686
687
688
T 706 709 260.154429 -19.316348 260.153376 -19.314167 4
706
707
708
709
T 742 748 353.892261 -0.815199 354.020819 -0.759533 4
742
743
746
748
T 621 624 303.009053 -27.136535 303.003728 -27.066908 4
621
622
623
624
T 904 909 244.707987 -10.133086 244.706652 -10.151328 4
904
905
906
909
T 1371 1374 307.680055 -12.244528 307.708247 -12.229483 4
1371
1372
1373
1374
T 914 917 5.151823 1.457736 5.139757 1.434057 4
914
915
916
917
T 1663 1669 337.802251 -14.567003 337.846423 -14.631782 4
1663
1664
1667
1669
T 991 994 281.390756 -25.366812 281.379487 -25.344126 4
991
992
993
994
T 1439 1442 308.267935 -28.253714 308.297950 -28.264723 4
1439
1440
1441
1442
T 1333 1336 334.772275 -17.199929 334.835797 -17.251308 4
1333
1334
1335
1336
T 823 826 262.347089 -14.052860 262.225495 -14.007167 4
823
824
825
826
T 987 990 254.910061 -21.768382 254.988884 -21.814186 4
987
988
989
990
T 1400 1404 340.292791 -3.187652 340.296175 -3.253369 4
1400
1401
1402
1404
T 1194 1197 302.601452 -14.750186 302.635541 -14.732056 4
1194
1195
1196
1197
T 1556 1559 235.789050 -32.904088 235.833290 -32.899715 4
1556
1557
1558
1559
T 876 879 63.747241 -47.778354 63.752417 -47.771792 4
876
877
878
879
T 1312 1315 318.257290 -24.835310 318.313481 -24.830419 4
1312
1313
1314
1315
T 846 849 254.054484 -26.660074 254.138140 -26.628354 4
846
847
848
849
T 850 853 258.120461 -18.655747 258.136558 -18.626618 4
850
851
852
853
T 767 770 3.743629 -0.301766 3.903781 -0.249153 4
767
768
769
770
T 744 749 354.453024 0.169837 354.608044 0.250181 4
744
745
747
749
T 1204 1221 345.134358 -8.895502 345.036313 -8.692164 4
1204
1205
1206
1221
T 1357 1360 356.760757 1.842307 356.860789 1.887348 4
1357
1358
1359
1360
T 1001 1010 300.861374 -29.240434 300.998793 -29.103256 4
1001
1002
1003
1010
T 1016 1019 247.179101 -28.949616 247.200981 -28.974222 4
1016
1017
1018
1019
T 1012 1015 309.130736 -23.886726 309.236229 -23.926607 4
1012
1013
1014
1015
T 1164 1166 338.158182 -17.214807 338.225867 -17.232607 3
1164
1165
1166
T 1159 1161 329.799910 -4.681296 329.846280 -4.695404 3
1159
1160
1161
T 1323 1325 267.506366 -16.199264 267.526390 -16.228443 3
1323
1324
1325
T 1320 1322 286.497393 -24.501709 286.628634 -24.482635 3
1320
1321
1322
T 1171 1173 346.711984 -1.597352 346.698506 -1.623829 3
1171
1172
1173
T 1443 1445 304.289745 -11.071205 304.343801 -11.064525 3
1443
1444
1445
T 1436 1438 313.103738 -22.684116 313.173719 -22.732666 3
1436
1437
1438
T 873 875 61.414273 -50.287599 61.413002 -50.282059 3
873
874
875
T 884 886 258.405039 -27.374334 258.460218 -27.364877 3
884
885
886
T 887 889 263.466291 -26.146165 263.549824 -26.148529 3
887
888
889
T 954 956 281.487992 -25.560275 281.464995 -25.514367 3
954
955
956
T 1328 1330 328.030414 -14.098849 328.099525 -14.080474 3
1328
1329
1330
T 971 975 244.671923 -11.518316 244.664914 -11.635032 3
971
972
975
T 1138 1140 310.111727 -24.981387 310.226299 -24.985530 3
1138
1139
1140
T 1127 1129 302.291659 -14.914117 302.318066 -14.900858 3
1127
1128
1129
T 932 934 353.877190 4.310842 353.885303 4.339193 3
932
933
934
T 1020 1022 259.471616 -24.643418 259.503267 -24.630915 3
1020
1021
1022
P 1338 1342
T 1339 1341 306.287967 -12.945204 306.350999 -12.911207 3
1339
1340
1341
T 199 201 255.483405 -42.847423 255.419535 -42.877983 3
199
200
201
T 1338 1354 334.934184 -14.901424 335.082526 -14.745444 3
1338
1342
1354
T 1345 1347 339.623894 2.474451 339.656614 2.453866 3
1345
1346
1347
T 1410 1413 344.632020 -5.770276 344.617667 -5.796126 3
1410
1411
1413
T 1408 1412 341.508720 -6.034545 341.532106 -6.024083 3
1408
1409
1412
T 1405 1407 336.668797 -6.917751 336.699685 -6.867303 3
1405
1406
1407
T 485 487 226.525698 -36.658904 226.514497 -36.667159 3
485
486
487
T 1398 1403 342.161073 -2.242236 342.119380 -2.158805 3
1398
1399
1403
T 854 856 345.506487 -13.794512 345.663188 -13.845659 3
854
855
856
T 1395 1397 336.810150 -13.011448 336.893666 -12.918392 3
1395
1396
1397
T 1392 1394 323.623645 -6.063532 323.657947 -6.208758 3
1392
1393
1394
T 1389 1391 332.554944 -2.485621 332.551671 -2.565606 3
1389
1390
1391
T 1386 1388 334.490440 -6.119777 334.560016 -6.143513 3
1386
1387
1388
T 1678 1680 355.950627 2.134504 355.992831 2.146621 3
1678
1679
1680
T 1675 1677 335.660240 -6.724198 335.637220 -6.734062 3
1675
1676
1677
T 1229 1231 324.918037 -14.904797 324.932356 -14.900884 3
1229
1230
1231
T 1670 1672 339.305840 -3.073304 339.363296 -3.227717 3
1670
1671
1672
T 791 793 354.863836 0.383593 354.882974 0.393600 3
791
792
793
T 1638 1640 319.074671 -10.986462 319.018813 -10.933618 3
1638
1639
1640
T 820 822 259.455820 -17.772853 259.433589 -17.725174 3
820
821
822
T 645 649 336.676840 -7.625777 336.757370 -7.486365 3
645
646
649
T 1645 1647 345.590507 -10.858250 345.578066 -10.934243 3
1645
1646
1647
T 1648 1650 359.335302 1.834421 359.375758 1.805270 3
1648
1649
1650
T 1222 1224 58.065370 -48.576023 58.064906 -48.577108 3
1222
1223
1224
T 1256 1259 244.830130 -19.448839 244.832078 -19.516255 3
1256
1257
1259
T 1254 1258 242.182096 -19.093498 242.242399 -19.116823 3
1254
1255
1258
T 716 720 350.384128 -6.810884 350.446910 -6.833195 3
716
717
720
T 718 721 351.730711 -5.425696 351.757315 -5.372788 3
718
719
721
T 691 693 293.370387 -17.015245 293.417149 -17.041045 3
691
692
693
T 739 741 353.331913 -3.056007 353.358963 -3.009616 3
739
740
741
T 694 696 308.755729 -11.431641 308.739993 -11.461873 3
694
695
696
T 697 701 348.668850 -2.521183 348.665598 -2.541062 3
697
698
701
T 1689 1691 317.736683 -20.962550 317.926621 -21.066432 3
1689
1690
1691
T 1683 1685 348.336449 -8.036470 348.331510 -8.057487 3
1683
1684
1685
T 1686 1688 8.213667 -45.805199 8.199023 -45.804899 3
1686
1687
1688
T 836 839 236.503149 -23.398055 236.364137 -23.358614 3
836
837
839
T 834 838 236.286528 -21.301090 236.100855 -21.116347 3
834
835
838
T 1182 1184 294.828589 -25.631942 294.812017 -25.670137 3
1182
1183
1184
T 1600 1615 299.036372 -20.401819 298.944965 -20.376493 3
1600
1601
1615
T 573 575 243.932188 -14.342138 243.896480 -14.517198 3
573
574
575
T 1571 1573 56.869634 -49.988243 56.871514 -49.988493 3
1571
1572
1573
T 1207 1220 339.772462 1.623636 339.782814 1.494525 3
1207
1208
1220
T 605 610 242.607534 -10.170219 242.600286 -10.268970 3
605
606
610
T 576 578 271.566463 -15.818547 271.517937 -15.820476 3
576
577
578
T 601 609 250.741910 -12.284033 250.931199 -12.580297 3
601
602
609
T 1564 1566 308.788138 -9.336719 308.851411 -9.302998 3
1564
1565
1566
T 1191 1193 312.016195 -17.941788 312.001128 -17.967306 3
1191
1192
1193
T 1292 1307 307.733480 -18.821153 307.928689 -18.972316 3
1292
1293
1307
T 636 638 309.839413 -7.931051 309.873862 -8.001709 3
636
637
638
T 627 629 278.080545 -20.654502 277.984255 -20.626763 3
627
628
629
T 831 833 239.306179 -21.741908 239.223841 -21.683646 3
831
832
833
T 1209 1211 352.435915 -0.031072 352.538281 0.015367 3
1209
1210
1211
P 1318 1319
P 1308 1309
P 1343 1344
P 1316 1317
P 1310 1311
P 1260 1261
P 1274 1275
P 1272 1273
P 1270 1271
P 1276 1277
P 1268 1269
P 1266 1267
P 1326 1327
P 1278 1279
P 1331 1332
P 1280 1281
P 1282 1283
P 1262 1263
P 1264 1265
P 1636 1637
P 1634 1635
P 1618 1619
P 1616 1617
P 1576 1577
P 1574 1575
P 1252 1253
P 1569 1570
P 1567 1568
P 1562 1563
P 1560 1561
P 1518 1519
P 1516 1517
P 1514 1515
P 1700 1701
P 1698 1699
P 1696 1697
P 1694 1695
P 1692 1693
P 1681 1682
P 1673 1674
P 1659 1660
P 1657 1658
P 1655 1656
P 1653 1654
P 1651 1652
P 1643 1644
P 1641 1642
P 1418 1419
P 1416 1417
P 1414 1415
P 1375 1376
P 1369 1370
P 1367 1368
P 1365 1366
P 1363 1364
P 1361 1362
P 1355 1356
P 1352 1353
P 1350 1351
P 1348 1349
P 1512 1513
P 1510 1511
P 1484 1485
P 1482 1483
P 1480 1481
P 1478 1479
P 1450 1451
P 1448 1449
P 1446 1447
P 1434 1435
P 1432 1433
P 1430 1431
P 1422 1423
P 1420 1421
P 593 594
P 591 592
P 589 590
P 587 588
P 585 586
P 583 584
P 581 582
P 579 580
P 613 614
P 611 612
P 607 608
P 603 604
P 599 600
P 597 598
P 595 596
P 869 870
P 871 872
P 880 881
P 882 883
P 571 572
P 890 891
P 892 893
P 894 895
P 896 897
P 840 841
P 842 843
P 844 845
P 857 858
P 861 862
P 863 864
P 865 866
P 867 868
P 859 860
P 702 703
P 699 700
P 689 690
P 785 786
P 787 788
P 789 790
P 794 795
P 675 676
P 757 758
P 777 778
P 779 780
P 714 715
P 710 711
P 781 782
P 783 784
P 704 705
P 712 713
P 647 648
P 643 644
P 639 640
P 625 626
P 619 620
P 617 618
P 615 616
P 630 631
P 673 674
P 671 672
P 669 670
P 800 801
P 818 819
P 656 657
P 654 655
P 652 653
P 650 651
P 1167 1168
P 1169 1170
P 1174 1175
P 1176 1177
P 907 908
P 1178 1179
P 1180 1181
P 1185 1186
P 1187 1188
P 1125 1126
P 1130 1131
P 1132 1133
P 1134 1135
P 1141 1142
P 1143 1144
P 1145 1146
P 1162 1163
P 1136 1137
P 1225 1226
P 1227 1228
P 1232 1233
P 1234 1235
P 1189 1190
P 1244 1245
P 1246 1247
P 1248 1249
P 1250 1251
P 1236 1237
P 1198 1199
P 1200 1201
P 1202 1203
P 1214 1215
P 1216 1217
P 1218 1219
P 1212 1213
P 935 936
P 937 938
P 939 940
P 950 951
P 952 953
P 957 958
P 959 960
P 948 949
P 910 911
P 912 913
P 918 919
P 920 921
P 930 931
P 922 923
P 924 925
P 926 927
P 928 929
P 1008 1009
P 1023 1024
P 1025 1026
P 1027 1028
P 1117 1118
P 1119 1120
P 1121 1122
P 1123 1124
P 1029 1030
P 966 967
P 977 978
P 979 980
P 981 982
P 985 986
P 995 996
P 997 998
P 999 1000
P 983 984
