60866.997201 241.867900 -21.009093 I11 0 1
60866.998114 239.994091 -23.598918 I11 1 4
60866.998584 242.863577 -24.023622 I11 4 5
60867.043453 260.154429 -19.316349 I11 5 6
60867.043910 260.154081 -19.315629 I11 6 7
60867.044384 260.153722 -19.314886 I11 7 8
60867.044841 260.153376 -19.314167 I11 8 9
60867.050527 257.867631 -25.984819 I11 9 10
60867.050985 257.868845 -25.984895 I11 10 11
60867.053710 245.698718 -16.162317 I11 11 12
60867.056591 257.202159 -19.922607 I11 12 13
60867.099610 241.267423 -21.113663 I11 13 14
60867.113368 239.767609 -23.411484 I11 14 17
60867.127809 242.986695 -24.190348 I11 17 18
60867.142822 251.844581 -27.424834 I11 18 19
60867.143281 251.845535 -27.424492 I11 19 20
60867.161725 333.899569 -12.895744 I11 20 21
60867.164354 343.053211 -13.016333 I11 21 22
60867.172450 329.452113 -8.698664 I11 22 23
60867.187004 258.229012 -26.002768 I11 23 24
60867.198324 351.058292 -6.118709 I11 24 26
60867.199790 346.743128 1.138325 I11 26 27
60867.200429 355.471371 -13.354814 I11 27 29
60867.200891 355.964103 -11.294388 I11 29 31
60867.204293 353.331913 -3.056007 I11 31 32
60867.206937 354.172608 -0.322678 I11 32 34
60867.207451 356.688582 -9.953603 I11 34 35
60867.207925 355.109385 -1.454129 I11 35 36
60867.211910 346.738526 1.155204 I11 36 37
60867.212367 346.738351 1.155840 I11 37 38
60867.214192 339.210361 -5.719430 I11 38 39
60867.214665 330.143967 -13.136471 I11 39 40
60867.219751 355.513745 -13.295660 I11 40 42
60867.220188 355.514700 -13.294321 I11 42 44
60867.220645 355.988784 -11.289033 I11 44 46
60867.221082 355.989330 -11.288915 I11 46 48
60867.228772 3.743555 -0.301761 I11 48 49
60867.229814 354.236459 -0.292138 I11 49 51
60867.230336 356.717568 -9.953276 I11 51 52
60867.230778 356.718127 -9.953269 I11 52 53
60867.234558 0.884043 4.620161 I11 53 54
60867.239062 334.018751 -12.772089 I11 54 55
60867.241925 330.177267 -13.180067 I11 55 56
60867.243001 339.135167 -18.452920 I11 56 57
60867.254630 351.102646 -6.103511 I11 57 59
60867.255088 351.103004 -6.103388 I11 59 61
60867.255549 355.237031 -1.469979 I11 61 62
60867.256008 355.238245 -1.470131 I11 62 63
60867.256471 353.358730 -3.010019 I11 63 64
60867.256929 353.358961 -3.009616 I11 64 65
60867.257390 354.313152 -0.255288 I11 65 67
60867.257847 354.314420 -0.254677 I11 67 69
60867.258343 3.807177 -0.280938 I11 69 70
60867.260361 355.249780 -1.471576 I11 70 71
60867.260820 355.250995 -1.471728 I11 71 72
60867.262220 355.254700 -1.472193 I11 72 73
60867.262677 355.255908 -1.472344 I11 73 74
60867.263139 0.322116 3.770416 I11 74 76
60867.263597 0.322653 3.770692 I11 76 78
60867.273085 329.237110 -8.674199 I11 78 79
60867.273556 326.599292 -11.761403 I11 79 80
60867.279366 353.151770 1.980040 I11 80 81
60867.281602 346.711186 1.252379 I11 81 82
60867.282058 346.711003 1.253015 I11 82 83
60867.293837 355.355321 -12.584017 I11 83 84
60867.294297 355.355884 -12.583771 I11 84 85
60867.294762 355.675674 -13.065369 I11 85 87
60867.295220 355.676652 -13.063960 I11 87 89
60867.295694 356.799951 -9.952272 I11 89 90
60867.296151 356.800526 -9.952264 I11 90 91
60867.296621 356.801117 -9.952256 I11 91 92
60867.297080 356.801693 -9.952249 I11 92 93
60867.297907 339.315501 -5.673196 I11 93 94
60867.302980 3.902775 -0.249475 I11 94 95
60867.303438 3.903756 -0.249151 I11 95 96
60867.304823 0.968347 4.656337 I11 96 97
60867.305280 0.968895 4.656573 I11 97 98
60867.318543 4.080357 5.122990 I11 98 99
60867.318998 7.108381 6.219024 I11 99 100
60867.319440 6.697079 3.497168 I11 100 102
60867.319896 8.020007 3.235922 I11 102 104
60867.320351 10.468805 3.802730 I11 104 105
60867.322169 7.362104 14.239689 I11 105 106
60867.322610 4.970729 14.832285 I11 106 108
60867.326528 334.151960 -12.629607 I11 108 109
60867.329702 330.284011 -13.320311 I11 109 110
60867.335171 17.031621 1.242061 I11 110 112
60867.335629 15.566489 4.057806 I11 112 113
60867.336080 15.215549 7.756554 I11 113 119
60867.336536 16.177184 9.249383 I11 119 124
60867.336978 16.399474 10.667136 I11 124 125
60867.339228 15.156521 9.313942 I11 125 126
60867.339672 12.564479 6.883675 I11 126 127
60867.341491 353.400707 -2.934884 I11 127 128
60867.341957 354.547054 -0.142031 I11 128 130
60867.342402 351.170567 -6.079756 I11 130 132
60867.344049 19.198511 7.933258 I11 132 133
60867.344701 355.470002 -1.499429 I11 133 134
60867.347801 354.881622 0.392893 I11 134 135
60867.348245 354.882974 0.393600 I11 135 136
60867.351655 17.563411 1.189416 I11 136 137
60867.353355 18.951754 -2.741582 I11 137 138
60867.353836 20.550212 5.766838 I11 138 140
60867.974764 255.945917 -27.794749 I11 140 141
60867.976114 257.981629 -18.907299 I11 141 142
60867.978829 253.641247 -26.811387 I11 142 143
60867.985821 255.970499 -27.791104 I11 143 144
60868.007361 253.698625 -26.791168 I11 144 145
60868.010411 245.942132 -20.608088 I11 145 146
60868.012612 258.005612 -18.868101 I11 146 147
60868.013053 260.461813 -14.448058 I11 147 148
60868.014461 254.103935 -13.078212 I11 148 149
60868.016778 245.027246 -9.511187 I11 149 150
60868.020599 248.223158 -17.775872 I11 150 151
60868.021086 248.224350 -17.776730 I11 151 152
60868.023077 259.455817 -17.772851 I11 152 153
60868.024061 260.655669 -26.093155 I11 153 154
60868.025994 264.139518 -27.801293 I11 154 155
60868.027496 262.347050 -14.052836 I11 155 156
60868.030051 262.343249 -14.051420 I11 156 157
60868.030508 259.450387 -17.761196 I11 157 158
60868.030964 258.017200 -18.848162 I11 158 159
60868.031406 260.476504 -14.461948 I11 159 160
60868.033210 254.110903 -13.105840 I11 160 161
60868.053463 259.433588 -17.725174 I11 161 162
60868.053938 258.031371 -18.822962 I11 162 163
60868.054401 260.494834 -14.479310 I11 163 164
60868.056271 254.119413 -13.139760 I11 164 165
60868.058228 245.041952 -9.560965 I11 165 166
60868.061234 258.035810 -18.814901 I11 166 167
60868.080097 245.049682 -9.587168 I11 167 168
60868.083650 254.129462 -13.179942 I11 168 169
60868.089286 245.052934 -9.598166 I11 169 170
60868.092854 254.132834 -13.193427 I11 170 171
60868.095162 254.133679 -13.196806 I11 171 172
60868.096232 260.528028 -14.510770 I11 172 173
60868.096759 262.242370 -14.013565 I11 173 174
60868.100073 245.056757 -9.611068 I11 174 175
60868.106248 254.137740 -13.213032 I11 175 176
60868.107315 260.536805 -14.519078 I11 176 177
60868.107854 262.225417 -14.007094 I11 177 178
60868.116902 239.306196 -21.741896 I11 178 179
60868.117877 236.394087 -22.349565 I11 179 181
60868.124073 245.946383 -20.362601 I11 181 182
60868.124598 248.477365 -17.956578 I11 182 183
60868.150929 254.154164 -13.278252 I11 183 184
60868.156376 239.251656 -21.703407 I11 184 185
60868.157340 236.286157 -22.275545 I11 185 187
60868.161009 244.068044 -25.507629 I11 187 188
60868.163173 245.948169 -20.277296 I11 188 189
60868.163649 248.574350 -18.023134 I11 189 190
60868.171313 254.161721 -13.307919 I11 190 191
60868.176575 239.223875 -21.683623 I11 191 192
60868.177477 236.231567 -22.237449 I11 192 194
60868.181162 244.088130 -25.532678 I11 194 195
60868.186524 254.054516 -26.660058 I11 195 196
60868.199793 259.326544 -17.494838 I11 196 197
60868.200303 258.120464 -18.655746 I11 197 198
60868.200749 258.120751 -18.655219 I11 198 199
60868.204419 254.090125 -26.646572 I11 199 200
60868.210918 255.279038 -27.177697 I11 200 202
60868.224420 258.136265 -18.627145 I11 202 203
60868.224863 258.136561 -18.626617 I11 203 204
60868.228496 254.138173 -26.628338 I11 204 205
60868.238280 345.506468 -13.794504 I11 205 206
60868.249527 358.048593 -9.933270 I11 206 207
60868.249976 359.035357 -8.154078 I11 207 208
60868.271521 340.636617 -5.115663 I11 208 209
60868.279037 344.980057 -19.272272 I11 209 210
60868.279496 345.600609 -13.825253 I11 210 211
60868.280440 351.623918 -7.242847 I11 211 212
60868.281861 358.090647 -9.932768 I11 212 213
60868.282308 359.129522 -7.973441 I11 213 214
60868.285522 352.264270 -4.415289 I11 214 215
60868.286467 357.917085 1.939219 I11 215 216
60868.286914 356.658128 0.352319 I11 216 217
60868.287364 353.931390 -2.089839 I11 217 218
60868.288243 353.511602 3.119400 I11 218 219
60868.290525 346.345344 2.683110 I11 219 220
60868.293719 340.665882 -5.102635 I11 220 221
60868.306929 345.663159 -13.845646 I11 221 222
60868.308342 351.655294 -7.254339 I11 222 223
60868.308797 352.274239 -4.393867 I11 223 224
60868.309251 353.942083 -2.070148 I11 224 225
60868.309717 356.713476 0.376630 I11 225 226
60868.311959 356.671466 -12.014409 I11 226 227
60868.312408 359.216152 -7.805213 I11 227 228
60868.313298 358.099683 -1.809729 I11 228 229
60868.317975 1.593016 4.412622 I11 229 231
60868.321117 354.808885 10.122757 I11 231 233
60868.321997 353.523097 3.158384 I11 233 234
60868.324265 346.330533 2.731793 I11 234 235
60868.325971 61.414273 -50.287599 I11 235 236
60868.328978 61.413163 -50.282758 I11 236 237
60868.329412 61.413002 -50.282059 I11 237 238
60868.337300 63.747240 -47.778353 I11 238 239
60868.337733 63.747989 -47.777405 I11 239 240
60868.339863 63.751667 -47.772743 I11 240 241
60868.340298 63.752417 -47.771791 I11 241 242
60868.344084 17.839351 1.907576 I11 242 243
60868.344538 14.483400 3.839266 I11 243 244
60868.346339 5.896967 1.450884 I11 244 246
60868.346843 5.578863 2.405898 I11 246 247
60868.987828 255.697351 -26.075004 I11 247 248
60868.988274 258.405034 -27.374331 I11 248 249
60868.988721 263.466284 -26.146161 I11 249 250
60868.989612 258.408197 -27.373797 I11 250 251
60869.004832 258.877370 -17.723117 I11 251 252
60869.005303 258.781215 -16.230333 I11 252 253
60869.007588 251.096542 -19.534911 I11 253 254
60869.011240 255.742112 -26.058481 I11 254 255
60869.011687 258.460218 -27.364877 I11 255 256
60869.012130 263.531523 -26.148031 I11 256 257
60869.018713 263.549797 -26.148516 I11 257 258
60869.028577 258.893528 -17.696043 I11 258 259
60869.029059 258.764516 -16.193245 I11 259 260
60869.029517 254.529860 -14.538517 I11 260 261
60869.045729 261.329996 -15.213350 I11 261 262
60869.054115 281.959217 -26.547582 I11 262 263
60869.067350 261.083670 -13.450524 I11 263 264
60869.074467 275.888092 -34.318190 I11 264 265
60869.077741 281.946905 -26.523749 I11 265 266
60869.091224 261.049043 -13.437273 I11 266 267
60869.093531 261.045690 -13.435982 I11 267 268
60869.094051 261.044934 -13.435690 I11 268 269
60869.095776 245.093899 -10.464172 I11 269 271
60869.096259 244.707936 -10.133780 I11 271 272
60869.101528 261.374167 -15.254312 I11 272 273
60869.105825 261.027807 -13.429061 I11 273 274
60869.106342 261.027054 -13.428768 I11 274 275
60869.108015 244.861119 -10.480863 I11 275 278
60869.108493 244.706652 -10.151328 I11 278 279
60869.117614 246.085983 -18.158521 I11 279 280
60869.118606 237.973911 -20.757377 I11 280 281
60869.125488 245.108201 -26.713342 I11 281 282
60869.126603 245.109327 -26.714706 I11 282 283
60869.290357 8.989949 0.507122 I11 283 285
60869.291274 5.151823 1.457736 I11 285 286
60869.291720 5.151598 1.457294 I11 286 287
60869.292171 1.404893 3.708939 I11 287 288
60869.292615 359.167472 1.408134 I11 288 289
60869.294911 2.802996 5.021709 I11 289 291
60869.295358 3.821235 7.135465 I11 291 292
60869.295803 2.502619 11.081352 I11 292 293
60869.296698 357.787809 9.463554 I11 293 294
60869.298963 353.877190 4.310842 I11 294 295
60869.300832 348.851168 3.237783 I11 295 296
60869.301293 345.945779 4.163393 I11 296 297
60869.302753 354.492487 -1.167490 I11 297 298
60869.308719 358.037045 -11.412725 I11 298 299
60869.313821 8.413276 1.200229 I11 299 300
60869.314741 5.139987 1.434504 I11 300 301
60869.315193 5.139757 1.434057 I11 301 302
60869.315647 1.487748 3.751643 I11 302 303
60869.316090 359.222764 1.432409 I11 303 304
60869.318423 2.831943 5.036570 I11 304 306
60869.318872 3.814395 7.159784 I11 306 307
60869.319317 2.522508 11.095069 I11 307 308
60869.320215 357.837096 9.463379 I11 308 309
60869.321122 353.884836 4.337556 I11 309 310
60869.322479 353.885303 4.339193 I11 310 311
60869.324369 348.841464 3.216209 I11 311 312
60869.324836 345.565553 5.042825 I11 312 314
60869.326302 354.503806 -1.145922 I11 314 315
60869.328251 352.857489 -7.682229 I11 315 316
60869.354317 61.057907 -48.582339 I11 316 317
60869.359106 61.056166 -48.574625 I11 317 318
60869.359542 61.056006 -48.573923 I11 318 319
60869.359976 61.055848 -48.573224 I11 319 320
60869.360426 61.055683 -48.572499 I11 320 321
60869.360862 61.055524 -48.571796 I11 321 322
60869.361298 61.055364 -48.571094 I11 322 323
60869.976166 260.949961 -26.892069 I11 323 324
60869.977534 257.618412 -25.358924 I11 324 325
60869.978462 254.258571 -21.363402 I11 325 326
60869.987608 260.978731 -26.886693 I11 326 327
60869.988981 257.639312 -25.350971 I11 327 328
60869.989898 254.294619 -21.386357 I11 328 329
60870.019631 276.854127 -33.358963 I11 329 330
60870.030180 281.487981 -25.560271 I11 330 331
60870.042431 264.450980 -17.568685 I11 331 332
60870.043409 261.000732 -16.204254 I11 332 334
60870.043914 258.094634 -14.609723 I11 334 335
60870.052850 281.476708 -25.537716 I11 335 336
60870.055161 300.488881 -29.600107 I11 336 337
60870.058348 296.161998 -16.361355 I11 337 338
60870.058791 296.161116 -16.361628 I11 338 339
60870.066666 259.948335 -12.893504 I11 339 340
60870.069198 245.289826 -11.726957 I11 340 342
60870.076294 281.464984 -25.514363 I11 342 343
60870.078614 300.526053 -29.566451 I11 343 344
60870.079994 297.987655 -23.685776 I11 344 345
60870.081777 296.115284 -16.375755 I11 345 346
60870.093191 245.917763 -11.962109 I11 346 347
60870.104419 296.069975 -16.389611 I11 347 348
60870.113056 296.052655 -16.394879 I11 348 349
60870.122215 258.041504 -14.488162 I11 349 350
60870.125622 245.930165 -11.999629 I11 350 351
60870.127571 245.298464 -11.801814 I11 351 353
60870.129908 237.604659 -14.729143 I11 353 354
60870.146465 259.838210 -12.850005 I11 354 355
60870.150365 245.939731 -12.028186 I11 355 356
60870.152292 245.302258 -11.833416 I11 356 358
60870.154666 237.699543 -14.784098 I11 358 359
60870.171247 246.257125 -27.989069 I11 359 360
60870.183124 262.277493 -16.033103 I11 360 361
60870.184067 259.928817 -16.293197 I11 361 362
60870.185530 255.011082 -16.126885 I11 362 363
60870.186487 254.910064 -21.768380 I11 363 364
60870.186958 254.911572 -21.769266 I11 364 365
60870.195439 246.282585 -28.017652 I11 365 366
60870.198176 258.015493 -25.201266 I11 366 367
60870.207136 262.296537 -16.049986 I11 367 368
60870.208081 259.946363 -16.262323 I11 368 369
60870.209528 255.020288 -16.158831 I11 369 370
60870.210473 254.987348 -21.813298 I11 370 371
60870.210948 254.988889 -21.814185 I11 371 372
60870.223596 281.390756 -25.366812 I11 372 373
60870.224998 281.390053 -25.365401 I11 373 374
60870.235162 267.092053 -26.135676 I11 374 375
60870.239772 276.985303 -33.155531 I11 375 376
60870.244723 281.380182 -25.345528 I11 376 377
60870.246114 281.379488 -25.344126 I11 377 378
60870.256038 267.150753 -26.133589 I11 378 379
60870.256483 261.649683 -26.740999 I11 379 380
60870.260662 276.998212 -33.133977 I11 380 381
60870.272427 10.637166 1.909910 I11 381 382
60870.281088 12.034219 -0.210622 I11 382 383
60870.283324 10.662180 1.918054 I11 383 384
60870.298890 300.861669 -29.240302 I11 384 385
60870.299858 306.789955 -27.471509 I11 385 386
60870.302594 3.667629 8.167100 I11 386 387
60870.303051 4.307022 5.663199 I11 387 390
60870.303967 5.761383 12.005153 I11 390 391
60870.319358 295.499347 -8.998977 I11 391 392
60870.320756 298.028754 -16.916312 I11 392 393
60870.332724 300.913358 -29.188442 I11 393 394
60870.334595 306.753494 -27.445119 I11 394 395
60870.335065 309.130900 -23.886649 I11 395 396
60870.357375 300.951422 -29.150415 I11 396 397
60870.359277 306.727685 -27.426317 I11 397 398
60870.359736 309.175037 -23.903665 I11 398 399
60870.375587 306.710684 -27.413873 I11 399 400
60870.376497 309.205338 -23.915062 I11 400 401
60870.381521 298.087320 -16.886014 I11 401 402
60870.381995 298.262859 -23.838181 I11 402 403
60870.387881 300.999110 -29.103121 I11 403 404
60870.392596 306.693005 -27.400879 I11 404 405
60870.393529 309.236425 -23.926519 I11 405 406
60870.977188 247.179094 -28.949610 I11 406 407
60870.981337 263.680828 -26.322290 I11 407 408
60870.981795 259.471611 -24.643417 I11 408 409
60870.986558 247.189067 -28.960823 I11 409 410
60870.988373 247.190997 -28.962994 I11 410 411
60870.992987 259.491012 -24.635765 I11 411 412
60870.997771 247.200974 -28.974216 I11 412 413
60871.000069 259.503260 -24.630913 I11 413 414
60871.001433 255.367056 -17.201205 I11 414 415
60871.002385 257.489351 -13.127176 I11 415 416
60871.005601 246.424978 -13.691469 I11 416 417
60871.009667 240.878752 -16.539124 I11 417 418
60871.015356 269.438332 -26.079435 I11 418 419
60871.022194 281.029094 -24.570654 I11 419 420
60871.032324 262.994332 -16.628912 I11 420 421
60871.033744 255.379381 -17.243171 I11 421 422
60871.038906 269.504369 -26.078257 I11 422 423
60871.039815 266.526290 -29.508870 I11 423 424
60871.040257 266.525358 -29.508637 I11 424 425
60871.058537 260.819760 -15.182476 I11 425 426
60872.002895 221.641820 -39.310536 I11 426 427
60872.010168 221.651490 -39.310327 I11 427 428
60872.975397 223.046265 -39.277807 I11 428 429
60872.976321 223.047535 -39.277774 I11 429 430
60872.976781 223.048168 -39.277758 I11 430 431
60872.977741 223.049490 -39.277723 I11 431 432
60872.978201 223.050121 -39.277706 I11 432 433
60872.978657 223.050748 -39.277690 I11 433 434
60872.979112 223.051374 -39.277673 I11 434 435
60872.981927 223.055248 -39.277569 I11 435 436
60872.982380 223.055869 -39.277552 I11 436 437
60872.986264 223.061212 -39.277404 I11 437 438
60872.990071 223.066448 -39.277254 I11 438 439
60872.991563 223.068502 -39.277195 I11 439 440
60872.994002 223.071856 -39.277096 I11 440 441
60872.995414 223.073798 -39.277037 I11 441 442
60872.995892 223.074456 -39.277018 I11 442 443
60873.001806 223.082593 -39.276767 I11 443 444
60873.002825 223.083995 -39.276723 I11 444 445
60873.003294 223.084640 -39.276702 I11 445 446
60873.141665 223.277172 -39.268023 I11 446 447
60873.143955 223.280419 -39.267841 I11 447 448
60873.144413 223.281067 -39.267804 I11 448 449
60873.144870 223.281715 -39.267768 I11 449 450
60873.145328 223.282366 -39.267731 I11 450 451
60873.147620 223.285617 -39.267547 I11 451 452
60873.148076 223.286266 -39.267511 I11 452 453
60873.148533 223.286913 -39.267474 I11 453 454
60873.152184 223.292102 -39.267178 I11 454 455
60873.155147 223.296317 -39.266937 I11 455 456
60873.155606 223.296970 -39.266900 I11 456 457
60873.156066 223.297625 -39.266862 I11 457 458
60873.157441 223.299584 -39.266749 I11 458 459
60873.159725 223.302839 -39.266561 I11 459 460
60873.161096 223.304795 -39.266448 I11 460 461
60873.161554 223.305448 -39.266410 I11 461 462
60873.162013 223.306103 -39.266372 I11 462 463
60873.162466 223.306749 -39.266335 I11 463 464
60873.164296 223.309362 -39.266183 I11 464 465
60873.166581 223.312627 -39.265992 I11 465 466
60873.167036 223.313278 -39.265954 I11 466 467
60873.167951 223.314586 -39.265877 I11 467 468
60873.168410 223.315243 -39.265839 I11 468 469
60873.170583 223.318353 -39.265656 I11 469 470
60873.171041 223.319008 -39.265618 I11 470 471
60873.171498 223.319663 -39.265579 I11 471 472
60873.171958 223.320322 -39.265540 I11 472 473
60873.172414 223.320975 -39.265502 I11 473 474
60873.172875 223.321636 -39.265463 I11 474 475
60873.173334 223.322295 -39.265424 I11 475 476
60873.173792 223.322950 -39.265385 I11 476 477
60873.174715 223.324273 -39.265307 I11 477 478
60873.175171 223.324928 -39.265269 I11 478 479
60873.176544 223.326897 -39.265152 I11 479 480
60873.177921 223.328873 -39.265035 I11 480 481
60873.178383 223.329537 -39.264995 I11 481 482
60873.180673 223.332827 -39.264800 I11 482 483
60873.181129 223.333482 -39.264761 I11 483 484
60873.182503 223.335458 -39.264643 I11 484 485
60873.183868 223.337423 -39.264526 I11 485 486
60873.187043 223.341994 -39.264252 I11 486 487
60873.187596 223.342790 -39.264204 I11 487 488
60873.189253 223.345179 -39.264061 I11 488 489
60873.190909 223.347568 -39.263917 I11 489 490
60873.192556 223.349946 -39.263774 I11 490 491
60873.194753 223.353120 -39.263583 I11 491 492
60873.195299 223.353909 -39.263535 I11 492 493
60873.195846 223.354700 -39.263487 I11 493 494
60873.196945 223.356290 -39.263391 I11 494 495
60873.198043 223.357878 -39.263295 I11 495 496
60873.198600 223.358684 -39.263246 I11 496 497
60873.199146 223.359475 -39.263198 I11 497 498
60873.200804 223.361876 -39.263053 I11 498 499
60873.204416 223.367114 -39.262734 I11 499 500
60873.204866 223.367768 -39.262695 I11 500 501
60873.206245 223.369768 -39.262573 I11 501 502
60873.206700 223.370429 -39.262533 I11 502 503
60873.207153 223.371087 -39.262493 I11 503 504
60873.207611 223.371753 -39.262452 I11 504 505
60873.210369 223.375762 -39.262207 I11 505 506
60873.211744 223.377762 -39.262085 I11 506 507
60873.212204 223.378433 -39.262044 I11 507 508
60873.213117 223.379761 -39.261963 I11 508 509
60873.213578 223.380433 -39.261922 I11 509 510
60873.214041 223.381107 -39.261881 I11 510 511
60873.214960 223.382446 -39.261799 I11 511 512
60873.215875 223.383780 -39.261717 I11 512 513
60873.216786 223.385108 -39.261636 I11 513 514
60873.983051 272.622765 -24.070620 I11 514 515
60873.994744 272.658102 -24.060828 I11 515 516
60874.009492 281.595258 -33.220147 I11 516 517
60874.012438 289.802312 -25.528251 I11 517 518
60874.016762 291.730371 -24.498967 I11 518 519
60874.024931 279.636054 -11.803861 I11 519 520
60874.027397 279.763381 -21.671631 I11 520 521
60874.030175 278.244149 -25.521584 I11 521 522
60874.037021 289.885288 -25.454249 I11 522 523
60874.041362 291.756424 -24.508601 I11 523 524
60874.042818 295.014536 -25.223372 I11 524 525
60874.047514 288.642670 -18.534178 I11 525 526
60874.050393 279.666107 -11.852314 I11 526 527
60874.052935 279.752794 -21.647880 I11 527 528
60874.062586 273.201524 -18.480143 I11 528 529
60874.084729 302.492254 -14.902973 I11 529 531
60874.086080 303.084643 -24.630145 I11 531 532
60874.089200 306.691392 -23.550324 I11 532 533
60874.090712 309.444492 -25.484323 I11 533 535
60874.091222 308.773040 -25.985182 I11 535 536
60874.091724 310.116496 -24.981565 I11 536 537
60874.092693 316.091540 -26.294839 I11 537 538
60874.095231 312.157048 -17.703237 I11 538 539
60874.096706 314.977050 -8.696380 I11 539 540
60874.100469 302.309636 -14.905105 I11 540 541
60874.101375 296.991656 -11.931646 I11 541 542
60874.107870 302.528990 -14.916449 I11 542 544
60874.109387 303.062306 -24.613002 I11 544 545
60874.112581 306.721694 -23.516446 I11 545 546
60874.115138 310.226298 -24.985529 I11 546 547
60874.116092 316.128002 -26.309252 I11 547 548
60874.118578 312.144674 -17.724632 I11 548 549
60874.120049 314.928576 -8.648131 I11 549 550
60874.121514 309.499814 -10.705066 I11 550 551
60874.204607 328.707397 -20.142494 I11 551 553
60874.205120 332.523568 -22.606978 I11 553 554
60874.207061 329.660361 -13.228544 I11 554 555
60874.207524 332.828310 -12.343062 I11 555 556
60874.208032 329.661822 -13.229779 I11 556 557
60874.208498 332.829161 -12.341823 I11 557 558
60874.209914 329.799902 -4.681295 I11 558 559
60874.216848 337.452297 -21.886559 I11 559 560
60874.217356 338.158184 -17.214804 I11 560 561
60874.232741 329.824298 -4.688712 I11 561 562
60874.240655 329.710788 -13.271229 I11 562 563
60874.241222 329.711637 -13.271949 I11 563 564
60874.241695 332.858008 -12.299519 I11 564 565
60874.242152 332.858404 -12.298934 I11 565 566
60874.244078 338.196164 -17.224807 I11 566 567
60874.244588 337.501148 -22.001662 I11 567 568
60874.253345 329.846272 -4.695403 I11 568 569
60874.256144 324.668655 -6.151109 I11 569 570
60874.261353 329.741775 -13.297489 I11 570 571
60874.261925 329.742630 -13.298214 I11 571 572
60874.262416 332.875885 -12.273026 I11 572 573
60874.262877 332.876283 -12.272435 I11 573 574
60874.264967 338.225870 -17.232603 I11 574 575
60874.268988 345.729707 -15.290884 I11 575 576
60874.269454 345.729076 -15.290930 I11 576 577
60874.275819 357.746788 -12.767316 I11 577 578
60874.279762 356.431450 3.269044 I11 578 580
60874.280713 350.485927 -0.876934 I11 580 581
60874.283233 350.490576 -0.874825 I11 581 582
60874.283677 346.711981 -1.597352 I11 582 583
60874.286565 346.024249 -10.952985 I11 583 584
60874.288734 359.177885 -10.051477 I11 584 585
60874.289239 6.585250 -8.682403 I11 585 587
60874.290202 2.882279 -3.193223 I11 587 588
60874.291797 356.912229 6.539902 I11 588 590
60874.294165 352.265723 6.804557 I11 590 591
60874.294610 352.267419 6.806491 I11 591 592
60874.297069 346.705020 -1.611041 I11 592 593
60874.309578 346.698503 -1.623829 I11 593 594
60874.311972 345.997961 -10.898229 I11 594 595
60874.340811 291.463146 -24.564143 I11 595 597
60874.342271 294.828590 -25.631942 I11 597 598
60874.345196 302.835797 -24.437679 I11 598 599
60874.347671 307.017183 -23.167125 I11 599 600
60874.348172 302.781368 -25.967205 I11 600 601
60874.349527 309.340649 -26.370496 I11 601 602
60874.353007 316.478436 -26.439082 I11 602 603
60874.356519 312.016196 -17.941788 I11 603 604
60874.357889 308.544110 -12.070395 I11 604 605
60874.358874 302.601457 -14.750185 I11 605 606
60874.359861 302.602609 -14.749569 I11 606 607
60874.368465 294.813113 -25.667587 I11 607 608
60874.368911 291.524297 -24.523672 I11 608 610
60874.370338 294.812027 -25.670139 I11 610 611
60874.373732 302.808736 -24.416247 I11 611 612
60874.376113 307.053736 -23.123838 I11 612 613
60874.376621 302.814220 -25.981704 I11 613 614
60874.378955 312.004154 -17.962175 I11 614 615
60874.379912 311.387454 -24.989148 I11 615 616
60874.384603 312.001131 -17.967306 I11 616 617
60874.385980 308.432668 -12.229704 I11 617 618
60874.386878 302.970632 -15.071803 I11 618 620
60874.387833 302.635545 -14.732056 I11 620 621
60874.985867 251.911334 -33.381204 I11 621 622
60874.994880 244.756028 -18.081083 I11 622 623
60874.998426 248.253268 -17.395405 I11 623 624
60875.000371 256.949270 -26.482715 I11 624 625
60875.062588 265.954769 -14.083001 I11 625 626
60875.071688 276.091444 -23.037999 I11 626 627
60875.072817 281.183854 -25.214541 I11 627 628
60875.074528 277.058672 -31.370376 I11 628 629
60875.076825 281.194378 -25.213387 I11 629 630
60875.120646 293.043570 -24.876832 I11 630 631
60875.121791 293.459794 -22.177796 I11 631 632
60875.145469 239.440922 -22.403607 I11 632 633
60875.158460 310.987447 -27.158002 I11 633 634
60875.159103 308.142618 -21.972138 I11 634 635
60875.160244 314.634439 -24.962074 I11 635 636
60875.161391 314.638197 -24.962069 I11 636 637
60875.164217 311.597415 -18.686051 I11 637 638
60875.174597 303.651530 -14.249701 I11 638 639
60875.175185 305.487598 -16.529919 I11 639 640
60875.176342 305.292890 -16.668123 I11 640 642
60875.178153 298.269642 -11.780559 I11 642 643
60875.203971 319.629482 -20.263350 I11 643 644
60875.207394 328.752143 -21.226871 I11 644 645
60875.207950 331.821106 -21.642857 I11 645 646
60875.208518 331.449065 -18.222235 I11 646 647
60875.210842 331.319950 -14.530547 I11 647 648
60875.211383 331.320819 -14.531278 I11 648 649
60875.211920 333.788257 -11.036361 I11 649 650
60875.215501 325.145260 -4.798187 I11 650 651
60875.231159 344.645336 -15.358012 I11 651 652
60875.231644 345.134335 -8.895489 I11 652 653
60875.232574 345.133365 -8.893458 I11 653 654
60875.233630 339.772446 1.623623 I11 654 655
60875.234275 324.678256 -14.969355 I11 655 656
60875.240284 339.785925 -17.615697 I11 656 657
60875.251618 332.424620 1.028079 I11 657 658
60875.253003 330.981137 -5.028438 I11 658 659
60875.262510 352.435902 -0.031066 I11 659 660
60875.272704 355.819722 1.104441 I11 660 661
60875.273630 357.965728 5.863736 I11 661 663
60875.277621 0.536522 -10.580819 I11 663 664
60875.281533 0.176997 11.613764 I11 664 665
60875.287261 358.909365 2.047831 I11 665 666
60875.287721 357.730303 4.583281 I11 666 667
60875.288165 355.820683 1.076331 I11 667 668
60875.289070 352.487901 -0.007511 I11 668 669
60875.291337 346.213245 -2.636692 I11 669 670
60875.293651 339.779751 1.533420 I11 670 671
60875.298344 345.064051 -8.749528 I11 671 672
60875.313265 358.934865 2.053336 I11 672 673
60875.314836 352.538268 0.015373 I11 673 674
60875.317149 346.199212 -2.663574 I11 674 675
60875.319487 339.782777 1.494495 I11 675 676
60875.324509 345.036224 -8.692114 I11 676 677
60875.362255 58.065370 -48.576023 I11 677 678
60875.362691 58.065139 -48.576565 I11 678 679
60875.363127 58.064906 -48.577109 I11 679 680
60875.369101 320.610534 -16.050771 I11 680 681
60875.371390 328.899520 -21.371713 I11 681 682
60875.379233 328.906796 -21.378516 I11 682 683
60875.381583 331.690357 -21.472427 I11 683 684
60875.382095 324.918038 -14.904796 I11 684 685
60875.382572 331.735503 -17.931155 I11 685 686
60875.386953 331.686322 -21.467102 I11 686 687
60875.388115 324.927937 -14.902091 I11 687 688
60875.389995 331.747858 -17.918509 I11 688 689
60875.390800 324.932358 -14.900883 I11 689 690
60875.978010 253.052262 -22.843010 I11 690 692
60875.985908 254.030926 -25.372866 I11 692 693
60875.989553 253.143659 -22.848650 I11 693 695
60875.996499 248.763662 -18.432107 I11 695 696
60875.996945 244.827298 -19.319634 I11 696 697
60876.015612 267.456189 -21.317533 I11 697 698
60876.016204 266.723369 -15.143104 I11 698 699
60876.016742 266.723759 -15.143685 I11 699 700
60876.019474 266.725739 -15.146636 I11 700 701
60876.022250 267.465015 -21.313587 I11 701 702
60876.024494 273.531301 -21.769020 I11 702 703
60876.030389 282.483235 -32.926299 I11 703 704
60876.034063 283.835223 -24.883338 I11 704 705
60876.036357 279.258787 -22.018774 I11 705 706
60876.040883 266.741190 -15.169712 I11 706 707
60876.043054 266.742751 -15.172047 I11 707 708
60876.048275 273.534351 -21.807273 I11 708 709
60876.072841 283.934757 -24.870865 I11 709 710
60876.075156 279.380137 -21.977447 I11 710 711
60876.080178 266.769302 -15.211845 I11 711 712
60876.082950 281.910179 -15.031396 I11 712 713
60876.084059 285.064935 -19.465149 I11 713 714
60876.085749 293.746064 -28.751672 I11 714 715
60876.086289 294.290243 -25.208422 I11 715 716
60876.092956 294.175401 -11.452688 I11 716 717
60876.094098 296.320203 -19.396765 I11 717 718
60876.095743 293.735846 -28.774799 I11 718 719
60876.097952 296.330105 -19.386260 I11 719 720
60876.103066 243.504696 -19.275922 I11 720 722
60876.113105 301.237616 -23.136662 I11 722 723
60876.113644 301.687822 -22.124288 I11 723 725
60876.115266 304.893505 -13.640612 I11 725 726
60876.116333 299.511270 -11.635719 I11 726 727
60876.121602 305.115205 -26.968940 I11 727 728
60876.123491 304.903709 -13.635281 I11 728 729
60876.124891 307.347522 -18.511138 I11 729 730
60876.127493 248.823684 -18.566303 I11 730 731
60876.130290 243.519726 -19.297963 I11 731 733
60876.145259 254.270366 -24.128797 I11 733 735
60876.145854 256.303088 -23.111174 I11 735 737
60876.146428 253.694481 -22.742165 I11 737 738
60876.156180 248.837036 -18.595376 I11 738 739
60876.158963 243.535674 -19.321094 I11 739 741
60876.174051 253.428202 -25.139895 I11 741 742
60876.174615 256.503213 -23.121684 I11 742 744
60876.175197 253.743548 -22.763177 I11 744 745
60876.206331 333.160264 -16.215158 I11 745 747
60876.206772 333.073385 -15.897070 I11 747 748
60876.207686 334.741998 -9.705454 I11 748 749
60876.210800 325.644439 -3.340125 I11 749 750
60876.221034 321.477753 -16.540933 I11 750 751
60876.222966 326.404544 -14.527330 I11 751 752
60876.224402 321.668119 -21.585498 I11 752 753
60876.225855 329.892631 -22.190533 I11 753 754
60876.227265 331.077713 -20.627910 I11 754 755
60876.236584 339.520878 -6.886806 I11 755 756
60876.238237 344.155242 -6.672769 I11 756 757
60876.238797 345.334245 -7.418634 I11 757 759
60876.239332 345.725439 -3.631580 I11 759 760
60876.242570 339.958027 0.071237 I11 760 761
60876.243111 338.425084 3.192810 I11 761 762
60876.245851 332.480669 -0.077677 I11 762 763
60876.246387 332.137013 -5.378209 I11 763 764
60876.247513 334.776612 -9.651797 I11 764 765
60876.248054 332.138880 -5.378815 I11 765 766
60876.259325 346.538133 -8.154719 I11 766 767
60876.262019 354.536217 0.879975 I11 767 768
60876.271282 1.287844 -10.939559 I11 768 770
60876.275082 359.909898 2.256384 I11 770 771
60876.275617 359.910435 2.256497 I11 771 772
60876.281678 3.069811 14.082623 I11 772 773
60876.282115 1.522226 11.201041 I11 773 774
60876.282551 358.455515 8.362261 I11 774 776
60876.283010 359.424212 6.332665 I11 776 777
60876.287570 8.230004 1.534557 I11 777 778
60876.293360 310.978665 -19.743374 I11 778 779
60876.293823 308.656823 -19.575833 I11 779 781
60876.294259 310.284966 -20.036044 I11 781 783
60876.303776 58.365320 -49.647354 I11 783 785
60876.304212 58.365889 -49.647384 I11 785 787
60876.312116 58.376188 -49.647922 I11 787 789
60876.312552 58.376755 -49.647952 I11 789 791
60876.312989 58.377324 -49.647981 I11 791 793
60876.349528 310.945994 -19.796176 I11 793 794
60876.349981 310.945731 -19.796602 I11 794 795
60876.354062 308.761749 -19.586126 I11 795 797
60876.357684 299.810204 -11.594906 I11 797 798
60876.360900 301.012602 -22.955716 I11 798 799
60876.362265 305.407155 -27.103827 I11 799 800
60876.366858 318.257293 -24.835309 I11 800 801
60876.367303 318.962018 -26.129299 I11 801 803
60876.370753 321.971780 -21.794441 I11 803 804
60876.373001 310.306545 -20.015259 I11 804 806
60876.373441 310.932174 -19.818625 I11 806 807
60876.377558 308.803310 -19.589961 I11 807 809
60876.380285 305.222404 -13.462073 I11 809 810
60876.384305 300.991705 -22.938481 I11 810 811
60876.385665 305.436996 -27.115904 I11 811 812
60876.390217 318.312450 -24.830510 I11 812 813
60876.390653 319.005505 -26.131303 I11 813 815
60876.392948 326.694553 -14.446990 I11 815 816
60876.394332 330.072856 -22.363743 I11 816 817
60876.394805 330.946817 -20.457380 I11 817 818
60876.395701 341.965432 -18.142771 I11 818 819
60876.396159 333.477700 -16.186033 I11 819 821
60877.020949 268.821088 -20.717298 I11 821 822
60877.031563 286.497313 -24.501674 I11 822 823
60877.042710 267.506366 -16.199264 I11 823 824
60877.048784 266.284465 -22.617461 I11 824 825
60877.049319 268.856817 -20.701015 I11 825 826
60877.052824 273.714312 -23.372221 I11 826 827
60877.060096 286.568302 -24.491521 I11 827 828
60877.061814 282.666252 -20.840253 I11 828 829
60877.071502 267.525982 -16.227848 I11 829 830
60877.072102 267.526389 -16.228442 I11 830 831
60877.082221 292.741048 -31.393969 I11 831 832
60877.084508 286.628539 -24.482594 I11 832 833
60877.090082 283.381521 -19.880169 I11 833 834
60877.094701 300.381890 -22.424895 I11 834 835
60877.096372 298.941021 -16.718497 I11 835 836
60877.100807 295.676868 -25.563466 I11 836 837
60877.106809 322.384643 -17.055542 I11 837 838
60877.108610 328.030412 -14.098849 I11 838 839
60877.109966 331.067931 -23.158057 I11 839 840
60877.111778 334.772274 -17.199929 I11 840 841
60877.112225 334.825408 -16.079884 I11 841 843
60877.131899 312.132590 -8.778139 I11 843 844
60877.134224 306.287944 -12.945184 I11 844 845
60877.140347 322.417275 -17.075740 I11 845 846
60877.142197 328.091265 -14.082681 I11 846 847
60877.143579 331.112384 -23.199777 I11 847 848
60877.144498 330.387507 -19.683561 I11 848 849
60877.145430 334.834970 -17.250637 I11 849 850
60877.145875 334.885235 -16.076354 I11 850 852
60877.146767 328.099510 -14.080470 I11 852 853
60877.155347 312.161317 -9.015673 I11 853 854
60877.157736 306.318235 -12.928944 I11 854 855
60877.159917 301.009928 -11.460127 I11 855 856
60877.163091 258.040836 -24.148025 I11 856 857
60877.183262 306.350977 -12.911189 I11 857 858
60877.184563 310.694830 -19.060566 I11 858 859
60877.189119 324.081588 -23.092255 I11 859 860
60877.197894 347.534020 -7.777468 I11 860 861
60877.200119 345.209886 -4.655734 I11 861 862
60877.204155 339.623894 2.474451 I11 862 863
60877.204619 340.128017 -1.479724 I11 863 864
60877.205548 340.472568 -6.480373 I11 864 865
60877.209268 333.285652 -5.735110 I11 865 866
60877.209739 335.701858 -8.332854 I11 866 867
60877.210654 335.041077 -14.789521 I11 867 868
60877.214333 341.863916 -15.525001 I11 868 869
60877.221379 347.558899 -7.767792 I11 869 870
60877.228990 339.656043 2.454226 I11 870 871
60877.229430 339.656614 2.453866 I11 871 872
60877.229903 340.130722 -1.521448 I11 872 873
60877.234652 333.314850 -5.744822 I11 873 874
60877.235139 335.723950 -8.297812 I11 874 875
60877.236061 335.082296 -14.745355 I11 875 876
60877.239779 341.814499 -15.528668 I11 876 877
60877.246138 343.149507 -4.423186 I11 877 878
60877.249468 332.523324 -1.274707 I11 878 879
60877.261241 356.760739 1.842311 I11 879 880
60877.280672 9.424499 2.020595 I11 880 881
60877.282009 0.948678 2.468552 I11 881 882
60877.282460 356.807522 1.863349 I11 882 883
60877.283376 359.874577 6.451830 I11 883 885
60877.283839 358.196430 11.428134 I11 885 886
60877.284765 357.695236 7.553108 I11 886 887
60877.289882 356.823866 1.870712 I11 887 888
60877.296438 356.046056 -2.389514 I11 888 889
60877.303026 12.798741 -4.344119 I11 889 890
60877.304840 9.453678 2.032692 I11 890 891
60877.306191 0.973312 2.473654 I11 891 892
60877.306651 356.860768 1.887353 I11 892 893
60877.307573 359.898662 6.463766 I11 893 895
60877.308963 357.695696 7.515637 I11 895 896
60877.381487 322.647383 -17.217385 I11 896 897
60878.015133 299.603698 -21.765385 I11 897 898
60878.036318 285.936824 -19.632784 I11 898 899
60878.037259 289.084357 -24.082965 I11 899 900
60878.105644 305.589635 -8.808453 I11 900 901
60878.106115 307.680054 -12.244527 I11 901 902
60878.106584 307.680692 -12.244188 I11 902 903
60878.113131 312.449498 -22.206410 I11 903 904
60878.116315 323.420575 -17.651130 I11 904 905
60878.117234 323.421480 -17.651691 I11 905 906
60878.119966 324.514976 -12.434878 I11 906 907
60878.126418 307.707602 -12.229828 I11 907 908
60878.126894 307.708246 -12.229483 I11 908 909
60878.128779 311.803547 -17.748204 I11 909 910
60878.131157 309.926863 -21.501350 I11 910 911
60878.133448 302.562993 -11.277383 I11 911 912
60878.140940 307.960969 -28.124812 I11 912 913
60878.145255 256.903926 -24.030556 I11 913 914
60878.156226 268.308651 -17.253711 I11 914 915
60878.165303 249.904617 -20.597918 I11 915 916
60878.166422 245.037027 -21.885286 I11 916 917
60878.166963 246.661972 -22.197822 I11 917 918
60878.182133 9.268478 -42.494346 I11 918 919
60878.184128 9.271542 -42.495799 I11 919 920
60878.184564 9.272212 -42.496117 I11 920 921
60878.185000 9.272882 -42.496434 I11 921 922
60878.185437 9.273553 -42.496753 I11 922 923
60878.187357 9.276502 -42.498151 I11 923 924
60878.187886 9.277314 -42.498536 I11 924 925
60878.188416 9.278128 -42.498922 I11 925 926
60878.188945 9.278940 -42.499308 I11 926 927
60878.193698 329.565937 -18.569196 I11 927 928
60878.197604 334.490428 -6.119776 I11 928 929
60878.198154 332.554924 -2.485628 I11 929 930
60878.201445 323.623613 -6.063481 I11 930 931
60878.203719 324.586996 -12.387106 I11 931 932
60878.207232 322.137184 -24.607158 I11 932 933
60878.207801 327.327503 -25.031782 I11 933 934
60878.211686 336.147770 -18.945549 I11 934 936
60878.213124 340.122400 -15.620567 I11 936 937
60878.213594 336.810116 -13.011427 I11 937 938
60878.217275 341.227278 -2.715305 I11 938 940
60878.220013 336.668782 -6.917745 I11 940 941
60878.229343 342.147552 -2.215115 I11 941 942
60878.230249 343.070741 -5.904588 I11 942 944
60878.232663 343.071198 -5.905367 I11 944 946
60878.233124 340.294229 -3.215032 I11 946 947
60878.234477 336.681323 -6.897343 I11 947 948
60878.235390 334.534958 -6.134959 I11 948 949
60878.237242 332.552883 -2.537301 I11 949 950
60878.239541 323.645678 -6.156582 I11 950 951
60878.243103 330.194992 -13.508073 I11 951 952
60878.244529 336.859520 -12.956596 I11 952 953
60878.250151 348.722472 -7.322053 I11 953 954
60878.253932 343.075204 -5.912233 I11 954 956
60878.254397 341.208141 -2.705645 I11 956 958
60878.255305 340.296168 -3.253371 I11 958 959
60878.255750 336.699675 -6.867299 I11 959 960
60878.256701 334.559995 -6.143510 I11 960 961
60878.258627 332.551636 -2.565618 I11 961 962
60878.260993 323.657889 -6.208668 I11 962 963
60878.264521 330.235065 -13.496450 I11 963 964
60878.266022 336.893615 -12.918362 I11 964 965
60878.271765 348.746900 -7.312355 I11 965 966
60878.279328 3.609576 -8.584264 I11 966 967
60878.279790 3.610235 -8.583755 I11 967 968
60878.283002 2.001178 2.678872 I11 968 969
60878.283456 359.170647 2.880622 I11 969 970
60878.283915 2.299783 4.398517 I11 970 971
60878.284377 2.300210 4.398706 I11 971 972
60878.285285 2.034894 7.411422 I11 972 974
60878.285746 4.324448 10.279180 I11 974 975
60878.286643 0.824867 9.695772 I11 975 977
60878.287554 359.301091 7.656856 I11 977 978
60878.288466 357.737115 5.979328 I11 978 979
60878.290745 356.121858 -3.974826 I11 979 980
60878.310832 65.178149 -46.942505 I11 980 981
60878.311270 65.179420 -46.941900 I11 981 982
60878.313197 65.185010 -46.939240 I11 982 983
60878.313636 65.186284 -46.938634 I11 983 984
60878.314073 65.187551 -46.938030 I11 984 985
60878.323185 65.213958 -46.925444 I11 985 986
60878.328498 22.551841 11.645697 I11 986 989
60878.330755 18.265261 18.710678 I11 989 990
60878.331211 15.047547 15.606206 I11 990 991
60878.332123 17.821950 8.785047 I11 991 993
60878.332564 17.606350 8.534916 I11 993 994
60878.333018 15.749070 10.555897 I11 994 995
60878.338442 10.755074 2.561169 I11 995 996
60878.346762 21.954655 0.373591 I11 996 997
60878.348551 323.644545 -17.789946 I11 997 998
60878.353576 305.469421 -9.391855 I11 998 999
60878.367367 313.836353 -19.784929 I11 999 1000
60878.367826 313.103762 -22.684110 I11 1000 1001
60878.368289 309.779227 -21.730755 I11 1001 1002
60878.371922 308.267937 -28.253713 I11 1002 1003
60878.372365 308.268552 -28.253941 I11 1003 1004
60878.373307 313.118162 -22.694156 I11 1004 1005
60878.376478 322.374779 -24.582925 I11 1005 1006
60878.379749 323.674894 -17.808092 I11 1006 1007
60878.384793 305.454982 -9.465404 I11 1007 1008
60878.386583 301.845352 -13.566024 I11 1008 1009
60878.387966 312.065953 -17.392555 I11 1009 1010
60878.392947 308.297328 -28.264496 I11 1010 1011
60878.393390 308.297953 -28.264722 I11 1011 1012
60878.394353 313.173725 -22.732665 I11 1012 1013
60879.077959 291.647542 -23.621906 I11 1013 1014
60879.078940 289.421125 -18.264063 I11 1014 1015
60879.082348 296.932925 -13.888915 I11 1015 1016
60879.101007 328.835977 -17.574425 I11 1016 1017
60879.101906 331.930395 -13.021283 I11 1017 1018
60879.102813 325.429646 -11.855235 I11 1018 1019
60879.116750 304.289743 -11.071204 I11 1019 1020
60879.117215 304.272738 -11.507825 I11 1020 1023
60879.148115 309.228038 -11.453613 I11 1023 1024
60879.149090 304.343801 -11.064525 I11 1024 1025
60879.149536 304.292915 -11.585134 I11 1025 1027
60879.157097 309.307311 -22.499681 I11 1027 1028
60879.159426 314.900634 -25.389202 I11 1028 1029
60879.159989 315.347745 -24.172969 I11 1029 1030
60879.166912 312.948062 -16.347046 I11 1030 1031
60879.168109 312.949205 -16.345472 I11 1031 1032
60879.171189 10.716402 -44.026845 I11 1032 1034
60879.171718 10.716147 -44.026712 I11 1034 1036
60879.172246 10.715893 -44.026579 I11 1036 1038
60879.172775 10.715638 -44.026446 I11 1038 1040
60879.174963 10.714580 -44.025894 I11 1040 1042
60879.175399 10.714368 -44.025784 I11 1042 1044
60879.175836 10.714156 -44.025674 I11 1044 1046
60879.176271 10.713945 -44.025564 I11 1046 1048
60879.176708 10.713733 -44.025454 I11 1048 1050
60879.179064 10.822545 -43.188719 I11 1050 1051
60879.181211 10.825885 -43.190246 I11 1051 1052
60879.181646 10.826562 -43.190556 I11 1052 1053
60879.182082 10.827240 -43.190866 I11 1053 1054
60879.182519 10.710893 -44.023987 I11 1054 1056
60879.182956 10.710678 -44.023877 I11 1056 1058
60879.185990 332.097489 -12.973482 I11 1058 1059
60879.188180 332.570713 -3.836745 I11 1059 1060
60879.194386 336.669152 -6.026805 I11 1060 1062
60879.205759 258.356846 -24.574198 I11 1062 1063
60879.261768 342.586061 -5.568192 I11 1063 1064
60879.262331 344.029133 -6.902150 I11 1064 1065
60879.285514 341.992981 0.277807 I11 1065 1067
60879.290527 5.239620 -3.692513 I11 1067 1068
60879.291476 12.013296 3.069463 I11 1068 1069
60879.291930 8.584051 4.788659 I11 1069 1070
60879.292841 5.788889 9.765478 I11 1070 1071
60879.294209 9.414599 15.411530 I11 1071 1073
60879.295092 5.541977 11.298163 I11 1073 1075
60879.295541 5.289721 12.831821 I11 1075 1076
60879.296439 2.256380 10.106806 I11 1076 1077
60879.296896 4.412377 6.139962 I11 1077 1078
60879.323373 17.203685 11.091844 I11 1078 1079
60879.328114 11.801814 -6.771691 I11 1079 1080
60879.329507 19.034886 -1.191690 I11 1080 1081
60879.330427 18.541302 -1.429899 I11 1081 1083
60879.332145 18.928272 4.569979 I11 1083 1084
60879.334203 23.717318 4.760145 I11 1084 1085
60879.335107 24.715414 11.710309 I11 1085 1086
60879.335556 24.878800 12.916838 I11 1086 1087
60879.341307 12.079281 3.096656 I11 1087 1088
60879.342563 13.447882 -1.188490 I11 1088 1089
60879.343810 22.973733 0.757169 I11 1089 1090
60879.344270 24.526222 0.220989 I11 1090 1091
60879.346543 26.834607 9.017918 I11 1091 1092
60879.350381 313.122160 -16.102847 I11 1092 1093
60879.354048 305.036753 -11.798713 I11 1093 1094
60879.354512 304.691236 -11.016171 I11 1094 1095
60879.382170 10.599456 -43.968436 I11 1095 1097
60879.382606 10.599199 -43.968298 I11 1097 1099
60879.383044 10.598939 -43.968159 I11 1099 1101
60879.383480 10.598681 -43.968020 I11 1101 1103
60879.385656 10.597393 -43.967330 I11 1103 1105
60879.386185 10.597080 -43.967161 I11 1105 1107
60879.388345 11.143494 -43.335252 I11 1107 1108
60879.388782 10.595544 -43.966333 I11 1108 1110
60879.389220 10.033983 -44.593845 I11 1110 1111
60879.389655 10.595027 -43.966053 I11 1111 1113
60879.392363 10.593426 -43.965185 I11 1113 1115
60879.392892 10.593113 -43.965015 I11 1115 1117
60879.393422 10.592800 -43.964845 I11 1117 1119
