T 359 394 223.306140 -39.266361 223.359517 -39.263193 68
343
344
345
346
347
348
349
350
351
352
353
354
355
356
357
358
359
360
361
362
363
364
365
366
367
368
369
370
371
372
373
374
375
376
377
378
379
380
381
382
383
384
385
386
387
388
389
390
391
392
393
394
395
396
397
398
399
400
401
402
403
404
405
406
407
408
409
410
T 329 338 223.050121 -39.277709 223.073800 -39.277030 18
325
326
327
328
329
330
331
332
333
334
335
336
337
338
339
340
341
342
T 753 766 10.812754 -43.184243 10.826563 -43.190556 15
748
749
751
753
755
757
759
761
763
764
765
766
767
769
771
T 785 799 11.135426 -43.331622 11.149606 -43.338001 12
782
783
785
787
789
791
792
794
797
799
801
803
T 784 798 10.050852 -44.602135 10.025403 -44.589617 12
780
781
784
786
788
790
793
795
796
798
800
802
T 750 762 10.617093 -44.869210 10.605558 -44.863766 11
746
747
750
752
754
756
758
760
762
768
770
T 29 58 356.705276 -9.953412 356.800537 -9.952266 10
27
28
29
30
31
32
57
58
59
60
T 23 54 355.264432 -12.623367 355.355891 -12.583775 10
21
22
23
24
25
26
53
54
55
56
T 103 122 254.119367 -13.139697 254.137755 -13.212888 9
101
102
103
104
105
106
122
123
124
T 673 677 9.272212 -42.496117 9.277315 -42.498537 9
671
672
673
674
675
676
677
678
679
T 45 49 355.236912 -1.469976 355.254771 -1.472194 7
44
45
46
47
48
49
50
T 236 240 61.056163 -48.574624 61.055524 -48.571797 7
235
236
237
238
239
240
241
T 448 451 332.829177 -12.341834 332.875915 -12.273047 6
447
448
449
450
451
452
T 719 722 65.179422 -46.941900 65.187548 -46.938030 6
718
719
720
721
722
723
T 442 445 329.661833 -13.229784 329.741796 -13.297497 6
441
442
443
444
445
446
T 533 536 266.723790 -15.143711 266.742685 -15.171991 6
532
533
534
535
536
537
T 579 582 310.978130 -19.744223 310.932399 -19.818221 6
578
579
580
581
582
583
T 193 196 261.049022 -13.437238 261.027823 -13.429090 6
192
193
194
195
196
197
T 263 268 245.917788 -11.962079 245.939699 -12.028212 6
262
263
264
267
268
270
T 299 301 306.753556 -27.445090 306.710701 -27.413868 5
298
299
300
301
305
T 98 100 260.476473 -14.461931 260.528029 -14.510764 5
97
98
99
100
121
T 585 589 309.589193 -20.325169 309.679060 -20.210116 5
584
585
588
589
590
T 66 68 0.918361 4.634878 0.968360 4.656337 5
65
66
67
68
69
T 256 258 296.161137 -16.361635 296.069961 -16.389605 5
255
256
257
258
259
T 91 93 258.005196 -18.867876 258.031472 -18.823010 5
90
91
92
93
96
T 17 19 346.738474 1.155210 346.711192 1.252378 5
16
17
18
19
20
T 108 110 245.041935 -9.560922 245.052939 -9.598167 5
107
108
109
110
111
T 592 597 57.596696 -49.718246 57.592174 -49.729006 5
591
592
595
597
599
T 594 598 59.132766 -49.571442 59.158644 -49.561615 5
593
594
596
598
600
T 488 491 302.601452 -14.750186 302.635540 -14.732056 4
488
489
490
491
T 733 736 308.267935 -28.253714 308.297950 -28.264723 4
733
734
735
736
T 306 309 309.130736 -23.886726 309.236229 -23.926607 4
306
307
308
309
T 295 304 300.861374 -29.240434 300.998793 -29.103256 4
295
296
297
304
T 285 288 281.390755 -25.366812 281.379488 -25.344126 4
285
286
287
288
T 498 515 345.134358 -8.895502 345.036313 -8.692164 4
498
499
500
515
T 281 284 254.910061 -21.768382 254.988884 -21.814186 4
281
282
283
284
T 310 313 247.179101 -28.949616 247.200981 -28.974222 4
310
311
312
313
T 0 3 260.154429 -19.316348 260.153376 -19.314167 4
0
1
2
3
T 36 42 353.892261 -0.815199 354.020819 -0.759533 4
36
37
40
42
T 117 120 262.347089 -14.052860 262.225495 -14.007167 4
117
118
119
120
T 38 43 354.453024 0.169837 354.608044 0.250181 4
38
39
41
43
T 140 143 254.054484 -26.660074 254.138140 -26.628354 4
140
141
142
143
T 651 654 356.760757 1.842307 356.860789 1.887348 4
651
652
653
654
T 61 64 3.743629 -0.301766 3.903781 -0.249153 4
61
62
63
64
T 627 630 334.772276 -17.199929 334.835797 -17.251308 4
627
628
629
630
T 606 609 318.257290 -24.835310 318.313481 -24.830419 4
606
607
608
609
T 170 173 63.747241 -47.778354 63.752417 -47.771792 4
170
171
172
173
T 694 698 340.292791 -3.187652 340.296175 -3.253369 4
694
695
696
698
T 198 203 244.707987 -10.133086 244.706652 -10.151328 4
198
199
200
203
T 208 211 5.151823 1.457736 5.139758 1.434057 4
208
209
210
211
T 144 147 258.120461 -18.655747 258.136558 -18.626618 4
144
145
146
147
T 665 668 307.680055 -12.244528 307.708247 -12.229483 4
665
666
667
668
T 737 739 304.289745 -11.071205 304.343801 -11.064525 3
737
738
739
T 12 15 351.730711 -5.425696 351.757316 -5.372788 3
12
13
15
T 10 14 350.384128 -6.810884 350.446910 -6.833195 3
10
11
14
T 33 35 353.331913 -3.056007 353.358963 -3.009616 3
33
34
35
T 148 150 345.506487 -13.794512 345.663188 -13.845659 3
148
149
150
T 265 269 244.671923 -11.518316 244.664914 -11.635032 3
265
266
269
T 167 169 61.414274 -50.287599 61.413002 -50.282059 3
167
168
169
T 178 180 258.405039 -27.374334 258.460218 -27.364877 3
178
179
180
T 730 732 313.103738 -22.684116 313.173719 -22.732666 3
730
731
732
T 248 250 281.487992 -25.560275 281.464995 -25.514367 3
248
249
250
T 181 183 263.466291 -26.146165 263.549824 -26.148529 3
181
182
183
T 226 228 353.877190 4.310842 353.885303 4.339193 3
226
227
228
T 85 87 354.863835 0.383593 354.882974 0.393600 3
85
86
87
T 314 316 259.471616 -24.643418 259.503267 -24.630915 3
314
315
316
T 114 116 259.455820 -17.772853 259.433589 -17.725174 3
114
115
116
T 125 127 239.306179 -21.741908 239.223841 -21.683646 3
125
126
127
T 128 132 236.286527 -21.301090 236.100855 -21.116347 3
128
129
132
T 130 133 236.503149 -23.398055 236.364137 -23.358614 3
130
131
133
T 503 505 352.435915 -0.031072 352.538281 0.015367 3
503
504
505
T 516 518 58.065370 -48.576023 58.064906 -48.577108 3
516
517
518
T 523 525 324.918037 -14.904797 324.932356 -14.900884 3
523
524
525
T 453 455 329.799910 -4.681296 329.846280 -4.695404 3
453
454
455
T 548 552 242.182096 -19.093498 242.242399 -19.116823 3
548
549
552
T 550 553 244.830130 -19.448839 244.832078 -19.516255 3
550
551
553
T 586 601 307.733480 -18.821153 307.928689 -18.972316 3
586
587
601
T 458 460 338.158183 -17.214807 338.225867 -17.232607 3
458
459
460
T 465 467 346.711984 -1.597352 346.698506 -1.623829 3
465
466
467
T 501 514 339.772462 1.623636 339.782814 1.494525 3
501
502
514
T 476 478 294.828590 -25.631942 294.812017 -25.670137 3
476
477
478
T 485 487 312.016195 -17.941788 312.001128 -17.967306 3
485
486
487
T 680 682 334.490440 -6.119777 334.560016 -6.143513 3
680
681
682
T 683 685 332.554944 -2.485621 332.551671 -2.565606 3
683
684
685
T 686 688 323.623645 -6.063532 323.657947 -6.208758 3
686
687
688
T 614 616 286.497393 -24.501709 286.628634 -24.482635 3
614
615
616
T 689 691 336.810150 -13.011448 336.893666 -12.918392 3
689
690
691
T 692 697 342.161073 -2.242236 342.119380 -2.158805 3
692
693
697
T 699 701 336.668797 -6.917751 336.699685 -6.867303 3
699
700
701
T 617 619 267.506366 -16.199264 267.526390 -16.228443 3
617
618
619
T 622 624 328.030414 -14.098849 328.099525 -14.080474 3
622
623
624
T 633 635 306.287967 -12.945204 306.350999 -12.911207 3
633
634
635
T 632 648 334.934184 -14.901424 335.082526 -14.745444 3
632
636
648
T 639 641 339.623894 2.474451 339.656614 2.453866 3
639
640
641
T 421 423 302.291659 -14.914117 302.318066 -14.900858 3
421
422
423
T 702 706 341.508720 -6.034545 341.532106 -6.024083 3
702
703
706
T 704 707 344.632020 -5.770276 344.617667 -5.796126 3
704
705
707
T 432 434 310.111727 -24.981387 310.226299 -24.985530 3
432
433
434
P 576 577
P 574 575
P 572 573
P 570 571
P 568 569
P 112 113
P 81 82
P 612 613
P 88 89
P 610 611
P 566 567
P 94 95
P 602 603
P 83 84
P 604 605
P 136 137
P 138 139
P 546 547
P 544 545
P 542 543
P 540 541
P 538 539
P 530 531
P 151 152
P 153 154
P 564 565
P 562 563
P 560 561
P 558 559
P 134 135
P 556 557
P 554 555
P 411 412
P 413 414
P 415 416
P 716 717
P 714 715
P 669 670
P 663 664
P 659 660
P 657 658
P 655 656
P 649 650
P 661 662
P 4 5
P 6 7
P 8 9
P 728 729
P 726 727
P 724 725
P 740 741
P 742 743
P 744 745
P 774 775
P 620 621
P 776 777
P 778 779
P 73 74
P 75 76
P 77 78
P 79 80
P 71 72
P 646 647
P 644 645
P 642 643
P 712 713
P 51 52
P 710 711
P 708 709
P 772 773
P 625 626
P 637 638
P 483 484
P 481 482
P 260 261
P 323 324
P 474 475
P 472 473
P 271 272
P 479 480
P 496 497
P 494 495
P 492 493
P 242 243
P 253 254
P 244 245
P 246 247
P 428 429
P 430 431
P 251 252
P 293 294
P 461 462
P 317 318
P 456 457
P 302 303
P 439 440
P 437 438
P 435 436
P 273 274
P 275 276
P 277 278
P 279 280
P 291 292
P 468 469
P 321 322
P 319 320
P 463 464
P 289 290
P 470 471
P 174 175
P 176 177
P 521 522
P 519 520
P 184 185
P 186 187
P 188 189
P 190 191
P 419 420
P 155 156
P 157 158
P 159 160
P 161 162
P 165 166
P 528 529
P 526 527
P 417 418
P 163 164
P 216 217
P 218 219
P 220 221
P 222 223
P 426 427
P 229 230
P 231 232
P 233 234
P 224 225
P 512 513
P 510 511
P 508 509
P 201 202
P 204 205
P 206 207
P 506 507
P 424 425
P 212 213
P 214 215
