60795.033979 188.206548 6.165953 I11 0 1
60795.035448 188.206750 6.167732 I11 1 2
60795.071146 188.211541 6.210936 I11 2 3
60795.092971 188.214392 6.237328 I11 3 4
60795.154894 188.222466 6.312105 I11 4 5
60795.166559 188.224027 6.326174 I11 5 6
60795.167547 188.224160 6.327366 I11 6 7
60795.197167 188.228246 6.363067 I11 7 8
60795.203121 188.229093 6.370239 I11 8 9
60795.204892 188.229346 6.372372 I11 9 10
60795.223065 210.212545 -7.160357 I11 10 11
60795.223547 210.213376 -7.161069 I11 11 12
60795.224036 210.214220 -7.161791 I11 12 13
60795.224521 210.215056 -7.162508 I11 13 14
60795.225005 210.215891 -7.163223 I11 14 15
60795.225492 210.216731 -7.163942 I11 15 16
60795.226455 210.218393 -7.165364 I11 16 17
60795.226936 210.219223 -7.166074 I11 17 18
60795.227428 210.220072 -7.166801 I11 18 19
60795.227945 210.220965 -7.167565 I11 19 20
60795.228429 210.221801 -7.168279 I11 20 21
60795.228918 210.222645 -7.169001 I11 21 22
60795.229884 210.224313 -7.170428 I11 22 23
60795.230851 210.225984 -7.171856 I11 23 24
60795.231816 210.227651 -7.173280 I11 24 25
60795.232301 210.228489 -7.173996 I11 25 26
60795.232792 210.229338 -7.174721 I11 26 27
60795.233752 210.230998 -7.176138 I11 27 28
60795.234229 210.231822 -7.176843 I11 28 29
60795.234724 210.232678 -7.177573 I11 29 30
60795.235206 210.233512 -7.178285 I11 30 31
60795.235727 210.234413 -7.179054 I11 31 32
60795.236214 210.235256 -7.179773 I11 32 33
60795.236698 210.236093 -7.180487 I11 33 34
60795.241578 210.244543 -7.187689 I11 34 35
60795.242561 210.246246 -7.189139 I11 35 36
60795.243049 210.247092 -7.189859 I11 36 37
60795.243534 210.247933 -7.190575 I11 37 38
60795.244017 210.248770 -7.191287 I11 38 39
60795.244504 210.249615 -7.192006 I11 39 40
60795.244987 210.250453 -7.192718 I11 40 41
60795.245473 210.251296 -7.193435 I11 41 42
60795.246485 210.253051 -7.194928 I11 42 43
60795.246971 210.253895 -7.195645 I11 43 44
60795.247455 210.254735 -7.196359 I11 44 45
60795.247940 210.255577 -7.197074 I11 45 46
60795.248430 210.256427 -7.197797 I11 46 47
60795.249877 210.258940 -7.199931 I11 47 48
60795.250356 210.259773 -7.200638 I11 48 49
60795.250842 210.260617 -7.201354 I11 49 50
60795.251331 210.261467 -7.202076 I11 50 51
60795.251813 210.262304 -7.202786 I11 51 52
60795.252808 210.264034 -7.204254 I11 52 53
60795.254314 210.266653 -7.206474 I11 53 54
60795.256736 210.270868 -7.210045 I11 54 55
60795.257240 210.271746 -7.210788 I11 55 56
60795.262367 210.280682 -7.218346 I11 56 57
60795.262868 210.281556 -7.219084 I11 57 58
60795.263828 210.283231 -7.220499 I11 58 59
60795.264794 210.284917 -7.221922 I11 59 60
60795.265278 210.285762 -7.222636 I11 60 61
60795.266265 210.287486 -7.224090 I11 61 62
60795.266744 210.288323 -7.224796 I11 62 63
60795.267229 210.289171 -7.225510 I11 63 64
60795.267714 210.290018 -7.226225 I11 64 65
60795.268195 210.290859 -7.226934 I11 65 66
60795.268704 210.291749 -7.227684 I11 66 67
60795.269670 210.293440 -7.229108 I11 67 68
60795.271637 210.296880 -7.232005 I11 68 69
60795.272126 210.297736 -7.232725 I11 69 70
60795.272634 210.298626 -7.233473 I11 70 71
60795.273128 210.299491 -7.234201 I11 71 72
60795.273643 210.300393 -7.234960 I11 72 73
60795.274180 210.301334 -7.235750 I11 73 74
60795.275146 210.303027 -7.237173 I11 74 75
60795.275660 210.303928 -7.237930 I11 75 76
60795.276627 210.305624 -7.239355 I11 76 77
60795.277110 210.306471 -7.240066 I11 77 78
60795.277592 210.307317 -7.240776 I11 78 79
60795.278075 210.308164 -7.241487 I11 79 80
60795.278557 210.309010 -7.242197 I11 80 81
60795.279041 210.309860 -7.242909 I11 81 82
60795.279521 210.310703 -7.243616 I11 82 83
60795.280048 210.311628 -7.244392 I11 83 84
60795.281012 210.313322 -7.245812 I11 84 85
60795.281490 210.314162 -7.246516 I11 85 86
60795.281999 210.315056 -7.247265 I11 86 87
60795.282514 210.315962 -7.248023 I11 87 88
60795.283521 210.317733 -7.249506 I11 88 89
60795.284024 210.318617 -7.250246 I11 89 90
60795.284503 210.319460 -7.250952 I11 90 91
60795.285998 210.322092 -7.253152 I11 91 92
60795.287502 210.324743 -7.255368 I11 92 93
60795.287989 210.325599 -7.256083 I11 93 94
60795.290442 210.329924 -7.259694 I11 94 95
60795.290928 210.330782 -7.260409 I11 95 96
60795.298777 210.344657 -7.271959 I11 96 97
60795.299293 210.345571 -7.272718 I11 97 98
60795.299803 210.346474 -7.273468 I11 98 99
60795.300309 210.347372 -7.274214 I11 99 100
60795.300812 210.348262 -7.274952 I11 100 101
60795.301316 210.349156 -7.275694 I11 101 102
60795.301821 210.350051 -7.276437 I11 102 103
60795.302347 210.350984 -7.277211 I11 103 104
60795.302848 210.351873 -7.277947 I11 104 105
60795.303352 210.352767 -7.278689 I11 105 106
60795.303834 210.353623 -7.279398 I11 106 107
60795.304336 210.354514 -7.280136 I11 107 108
60795.304817 210.355368 -7.280844 I11 108 109
60795.305327 210.356274 -7.281594 I11 109 110
60795.306339 210.358072 -7.283082 I11 110 111
60795.306824 210.358934 -7.283796 I11 111 112
60795.307836 210.360733 -7.285284 I11 112 113
60795.308325 210.361603 -7.286003 I11 113 114
60795.308827 210.362496 -7.286741 I11 114 115
60795.309334 210.363398 -7.287487 I11 115 116
60795.309846 210.364310 -7.288240 I11 116 117
60797.022786 188.656494 8.587087 I11 117 118
60797.023755 188.656668 8.588281 I11 118 119
60797.025215 188.656930 8.590081 I11 119 120
60797.027627 188.657362 8.593053 I11 120 121
60797.030097 188.657803 8.596097 I11 121 122
60797.033497 188.658408 8.600286 I11 122 123
60797.034960 188.658667 8.602088 I11 123 124
60797.037484 188.659114 8.605197 I11 124 125
60797.038462 188.659286 8.606402 I11 125 126
60797.039899 188.659540 8.608173 I11 126 127
60797.040856 188.659708 8.609350 I11 127 128
60797.042321 188.659966 8.611155 I11 128 129
60797.043308 188.660139 8.612370 I11 129 130
60797.044799 188.660401 8.614206 I11 130 131
60797.048167 188.660990 8.618353 I11 131 132
60797.055664 188.662296 8.627581 I11 132 133
60797.057102 188.662545 8.629351 I11 133 134
60797.058066 188.662712 8.630537 I11 134 135
60797.059547 188.662968 8.632360 I11 135 136
60797.060504 188.663134 8.633537 I11 136 137
60797.061960 188.663385 8.635329 I11 137 138
60797.062932 188.663553 8.636525 I11 138 139
60797.064376 188.663802 8.638301 I11 139 140
60797.067773 188.664387 8.642480 I11 140 141
60797.069221 188.664636 8.644261 I11 141 142
60797.070270 188.664816 8.645551 I11 142 143
60797.071714 188.665064 8.647327 I11 143 144
60797.072671 188.665228 8.648503 I11 144 145
60797.075078 188.665641 8.651463 I11 145 146
60797.076533 188.665890 8.653252 I11 146 147
60797.077519 188.666058 8.654464 I11 147 148
60797.078994 188.666311 8.656278 I11 148 149
60797.082432 188.666898 8.660503 I11 149 150
60797.083878 188.667144 8.662281 I11 150 151
60797.089567 188.668114 8.669273 I11 151 152
60797.091006 188.668359 8.671039 I11 152 153
60797.091967 188.668523 8.672220 I11 153 154
60797.093404 188.668767 8.673985 I11 154 155
60797.094371 188.668932 8.675173 I11 155 156
60797.095816 188.669177 8.676948 I11 156 157
60797.098232 188.669588 8.679915 I11 157 158
60797.101624 188.670165 8.684080 I11 158 159
60797.103081 188.670412 8.685869 I11 159 160
60797.104124 188.670590 8.687150 I11 160 161
60797.105571 188.670836 8.688926 I11 161 162
60797.106543 188.671001 8.690119 I11 162 163
60797.107991 188.671247 8.691896 I11 163 164
60797.108953 188.671410 8.693077 I11 164 165
60797.110393 188.671655 8.694845 I11 165 166
60797.112822 188.672068 8.697825 I11 166 167
60797.117651 188.672890 8.703750 I11 167 168
60797.118708 188.673070 8.705047 I11 168 169
60797.120163 188.673318 8.706832 I11 169 170
60797.121135 188.673484 8.708024 I11 170 171
60797.122588 188.673731 8.709806 I11 171 172
60797.125017 188.674146 8.712785 I11 172 173
60797.126011 188.674315 8.714004 I11 173 174
60797.130896 188.675150 8.719994 I11 174 175
60797.132364 188.675402 8.721793 I11 175 176
60797.133422 188.675583 8.723090 I11 176 177
60797.137525 188.676287 8.728119 I11 177 178
60797.139252 188.676583 8.730235 I11 178 179
60797.140421 188.676785 8.731667 I11 179 180
60797.142154 188.677083 8.733791 I11 180 181
60797.143315 188.677283 8.735213 I11 181 182
60797.145046 188.677582 8.737334 I11 182 183
60797.146229 188.677786 8.738783 I11 183 184
60797.147964 188.678086 8.740908 I11 184 185
60797.152046 188.678793 8.745907 I11 185 186
60797.153791 188.679097 8.748044 I11 186 187
60797.155044 188.679315 8.749578 I11 187 188
60797.156778 188.679617 8.751701 I11 188 189
60797.157952 188.679821 8.753138 I11 189 190
60797.159698 188.680127 8.755277 I11 190 191
60797.160870 188.680332 8.756710 I11 191 192
60797.162612 188.680637 8.758842 I11 192 193
60797.163804 188.680846 8.760301 I11 193 194
60797.189036 188.685343 8.791160 I11 194 195
60798.145157 210.778955 -8.122410 I11 195 196
60798.173996 210.801496 -8.174071 I11 196 197
60798.178019 210.804638 -8.181267 I11 197 198
60798.178563 210.805063 -8.182239 I11 198 199
60798.335952 255.483435 -42.847387 I11 199 200
60798.349420 255.466173 -42.855704 I11 200 201
60798.385972 255.419546 -42.877970 I11 201 202
60799.211628 271.201623 -25.326849 I11 202 203
60799.216275 271.203167 -25.331297 I11 203 204
60799.217474 271.203565 -25.332445 I11 204 205
60799.218057 271.203758 -25.333003 I11 205 206
60799.220401 271.204535 -25.335246 I11 206 207
60799.223325 271.205504 -25.338045 I11 207 208
60799.223938 271.205706 -25.338631 I11 208 209
60799.229365 271.207500 -25.343825 I11 209 210
60799.234173 271.209086 -25.348426 I11 210 211
60799.235372 271.209481 -25.349574 I11 211 212
60799.235975 271.209680 -25.350151 I11 212 213
60799.238373 271.210470 -25.352445 I11 213 214
60799.241367 271.211454 -25.355310 I11 214 215
60799.241972 271.211653 -25.355888 I11 215 216
60799.250929 271.214593 -25.364457 I11 216 217
60799.254933 271.215905 -25.368287 I11 217 218
60799.256436 271.216396 -25.369724 I11 218 219
60799.258443 271.217053 -25.371644 I11 219 220
60799.260994 271.217887 -25.374083 I11 220 221
60799.261509 271.218055 -25.374576 I11 221 222
60799.266167 271.219576 -25.379030 I11 222 223
60799.271156 271.221203 -25.383799 I11 223 224
60799.271665 271.221369 -25.384286 I11 224 225
60799.273647 271.222015 -25.386181 I11 225 226
60799.276164 271.222835 -25.388587 I11 226 227
60799.318687 252.893726 -39.553260 I11 227 228
60799.319864 252.895412 -39.553635 I11 228 229
60799.320456 252.896261 -39.553824 I11 229 230
60799.322754 252.899552 -39.554551 I11 230 231
60799.337458 252.920687 -39.559064 I11 231 232
60799.344926 252.931474 -39.561265 I11 232 233
60799.346097 252.933169 -39.561605 I11 233 234
60799.347835 252.935687 -39.562106 I11 234 235
60799.349021 252.937406 -39.562446 I11 235 236
60799.349610 252.938261 -39.562615 I11 236 237
60799.350797 252.939984 -39.562953 I11 237 238
60799.351952 252.941661 -39.563281 I11 238 239
60799.352546 252.942524 -39.563449 I11 239 240
60799.357797 252.950168 -39.564918 I11 240 241
60799.362620 252.957211 -39.566242 I11 241 242
60799.366423 252.962781 -39.567269 I11 242 243
60799.367409 252.964227 -39.567533 I11 243 244
60799.367912 252.964966 -39.567667 I11 244 245
60799.368896 252.966411 -39.567929 I11 245 246
60799.370370 252.968578 -39.568320 I11 246 247
60799.371336 252.969999 -39.568575 I11 247 248
60799.372330 252.971462 -39.568836 I11 248 249
60799.376776 252.978022 -39.569992 I11 249 250
60799.377261 252.978739 -39.570117 I11 250 251
60799.381300 252.984720 -39.571149 I11 251 252
60799.382272 252.986162 -39.571395 I11 252 253
60799.382765 252.986894 -39.571520 I11 253 254
60799.383754 252.988363 -39.571769 I11 254 255
60799.384746 252.989838 -39.572017 I11 255 256
60799.385242 252.990576 -39.572142 I11 256 257
60799.386217 252.992028 -39.572385 I11 257 258
60800.310838 254.609478 -39.882126 I11 258 259
60800.311808 254.610764 -39.882392 I11 259 260
60800.312808 254.612090 -39.882665 I11 260 261
60800.313310 254.612756 -39.882801 I11 261 262
60800.314275 254.614036 -39.883063 I11 262 263
60800.315283 254.615374 -39.883335 I11 263 264
60800.315780 254.616033 -39.883469 I11 264 265
60800.320521 254.622330 -39.884731 I11 265 266
60800.321023 254.622997 -39.884863 I11 266 267
60800.321523 254.623662 -39.884995 I11 267 268
60800.322515 254.624981 -39.885255 I11 268 269
60800.323563 254.626374 -39.885528 I11 269 270
60800.325060 254.628366 -39.885917 I11 270 271
60800.326068 254.629708 -39.886177 I11 271 272
60800.326542 254.630339 -39.886299 I11 272 273
60800.327523 254.631646 -39.886550 I11 273 274
60800.328654 254.633153 -39.886839 I11 274 275
60800.329140 254.633800 -39.886963 I11 275 276
60800.330127 254.635116 -39.887213 I11 276 277
60800.331089 254.636401 -39.887456 I11 277 278
60800.331576 254.637049 -39.887579 I11 278 279
60800.335896 254.642818 -39.888655 I11 279 280
60800.337053 254.644365 -39.888940 I11 280 281
60800.338194 254.645891 -39.889220 I11 281 282
60800.338783 254.646680 -39.889363 I11 282 283
60800.339939 254.648227 -39.889645 I11 283 284
60800.341077 254.649752 -39.889920 I11 284 285
60800.341665 254.650540 -39.890062 I11 285 286
60800.342829 254.652101 -39.890341 I11 286 287
60800.343982 254.653648 -39.890617 I11 287 288
60800.344558 254.654421 -39.890754 I11 288 289
60800.345730 254.655994 -39.891031 I11 289 290
60800.346878 254.657537 -39.891302 I11 290 291
60800.348615 254.659873 -39.891709 I11 291 292
60800.349775 254.661434 -39.891979 I11 292 293
60800.351495 254.663751 -39.892377 I11 293 294
60800.352789 254.665496 -39.892674 I11 294 295
60800.353368 254.666277 -39.892807 I11 295 296
60800.354525 254.667838 -39.893070 I11 296 297
60820.971172 149.370811 0.829662 I11 297 298
60820.971696 149.371639 0.829454 I11 298 299
60820.972220 149.372467 0.829246 I11 299 300
60820.972743 149.373293 0.829038 I11 300 301
60820.973263 149.374115 0.828832 I11 301 302
60820.973786 149.374941 0.828624 I11 302 303
60820.974827 150.219569 0.727024 I11 303 305
60820.975871 149.378235 0.827797 I11 305 306
60820.976399 149.379070 0.827587 I11 306 307
60820.976921 149.379895 0.827380 I11 307 308
60820.977447 151.072066 0.620268 I11 308 309
60820.979528 150.231856 0.721236 I11 309 311
60820.980055 149.384848 0.826136 I11 311 312
60820.983312 149.389997 0.824843 I11 312 313
60820.983929 149.390973 0.824598 I11 313 314
60820.985160 149.392921 0.824109 I11 314 315
60820.985777 149.393896 0.823864 I11 315 316
60820.986393 150.249807 0.712783 I11 316 318
60820.987010 149.395846 0.823374 I11 318 319
60820.987626 149.396820 0.823130 I11 319 320
60820.988240 149.397791 0.822886 I11 320 321
60820.989466 149.399731 0.822399 I11 321 322
60820.990696 149.401679 0.821910 I11 322 323
60820.993157 149.405572 0.820933 I11 323 324
60820.993772 151.131628 0.586547 I11 324 325
60820.997099 149.411812 0.819367 I11 325 326
60820.997621 149.412639 0.819160 I11 326 327
60820.998143 149.413466 0.818953 I11 327 328
60820.998666 149.414295 0.818745 I11 328 329
60820.999192 149.415127 0.818536 I11 329 330
60820.999716 149.415957 0.818328 I11 330 331
60821.000239 149.416785 0.818120 I11 331 332
60821.000764 149.417617 0.817911 I11 332 333
60821.001811 149.419275 0.817495 I11 333 334
60821.002335 149.420106 0.817287 I11 334 335
60821.002857 149.420933 0.817080 I11 335 336
60821.003375 149.421754 0.816874 I11 336 337
60821.003899 149.422584 0.816666 I11 337 338
60821.004422 149.423413 0.816458 I11 338 339
60821.004946 149.424245 0.816249 I11 339 340
60821.005987 150.301079 0.688659 I11 340 342
60821.006511 149.426724 0.815628 I11 342 343
60821.007557 149.428382 0.815212 I11 343 344
60821.008078 150.306555 0.686085 I11 344 346
60821.011151 149.434081 0.813784 I11 346 347
60821.011675 149.434913 0.813575 I11 347 348
60821.012200 149.435745 0.813367 I11 348 349
60821.012723 150.318722 0.680367 I11 349 351
60821.013246 149.437404 0.812951 I11 351 352
60821.013769 149.438234 0.812743 I11 352 353
60821.014815 149.439893 0.812328 I11 353 354
60821.015339 150.325576 0.677147 I11 354 356
60821.016384 149.442383 0.811704 I11 356 357
60821.016907 149.443214 0.811496 I11 357 358
60821.017429 149.444042 0.811289 I11 358 359
60821.017953 149.444874 0.811080 I11 359 360
60821.018474 149.445701 0.810873 I11 360 361
60821.018994 149.446527 0.810666 I11 361 362
60821.023581 149.453812 0.808843 I11 362 363
60821.024104 149.454643 0.808635 I11 363 364
60821.024629 150.349928 0.665712 I11 364 366
60821.025673 149.457136 0.808011 I11 366 367
60821.026199 149.457972 0.807802 I11 367 368
60821.026721 149.458802 0.807594 I11 368 369
60821.027246 149.459636 0.807385 I11 369 370
60821.027770 149.460469 0.807177 I11 370 371
60821.029580 149.463347 0.806457 I11 371 372
60821.030102 149.464177 0.806250 I11 372 373
60821.030627 149.465012 0.806041 I11 373 374
60821.031152 149.465847 0.805832 I11 374 375
60821.031678 149.466683 0.805623 I11 375 376
60821.032723 149.468346 0.805207 I11 376 377
60823.337904 286.955872 -18.197219 I11 377 378
60823.970929 148.929659 2.754079 I11 378 379
60823.971449 148.928723 2.753836 I11 379 380
60823.971973 150.247188 3.075765 I11 380 382
60823.972498 148.926835 2.753344 I11 382 383
60823.973024 148.925889 2.753098 I11 383 384
60823.973549 148.924944 2.752852 I11 384 385
60823.974071 148.924005 2.752607 I11 385 386
60823.975118 148.922122 2.752117 I11 386 387
60823.975637 148.921188 2.751874 I11 387 388
60823.976162 148.920244 2.751628 I11 388 389
60823.976684 148.919305 2.751383 I11 389 390
60823.977207 148.918365 2.751138 I11 390 391
60823.977734 150.245702 3.073078 I11 391 393
60823.978257 150.245568 3.072835 I11 393 395
60823.978779 150.245433 3.072591 I11 395 397
60823.979299 148.914603 2.750158 I11 397 398
60823.979822 148.913663 2.749913 I11 398 399
60823.980343 148.912726 2.749669 I11 399 400
60823.980862 148.911793 2.749426 I11 400 401
60823.981387 150.244762 3.071375 I11 401 403
60823.981912 148.909906 2.748934 I11 403 404
60823.982437 148.908962 2.748688 I11 404 405
60823.982962 150.244357 3.070641 I11 405 407
60823.983488 148.907073 2.748196 I11 407 408
60823.984010 150.244087 3.070152 I11 408 410
60823.984532 148.905197 2.747706 I11 410 411
60823.985054 150.243819 3.069664 I11 411 413
60823.985577 148.903320 2.747217 I11 413 414
60823.986100 150.243551 3.069177 I11 414 416
60823.986859 148.901017 2.746616 I11 416 417
60823.987381 148.900079 2.746371 I11 417 418
60823.987911 148.899127 2.746123 I11 418 419
60824.000520 148.876498 2.740213 I11 419 420
60824.001058 148.875535 2.739962 I11 420 421
60824.001582 148.874596 2.739716 I11 421 422
60824.002626 148.872724 2.739227 I11 422 423
60824.003148 148.871789 2.738982 I11 423 424
60824.003673 148.870848 2.738736 I11 424 425
60824.004199 148.869905 2.738489 I11 425 426
60824.004720 148.868972 2.738245 I11 426 427
60824.005244 150.238659 3.060249 I11 427 429
60824.006285 148.866168 2.737512 I11 429 430
60824.006808 148.865231 2.737266 I11 430 431
60824.009034 150.237697 3.058482 I11 431 433
60824.009554 148.860313 2.735979 I11 433 434
60824.010078 148.859375 2.735734 I11 434 435
60824.010603 150.237300 3.057750 I11 435 437
60824.011129 148.857493 2.735241 I11 437 438
60824.011652 150.237034 3.057261 I11 438 440
60824.012382 148.855251 2.734654 I11 440 441
60824.012907 148.854311 2.734407 I11 441 442
60824.013433 148.853370 2.734161 I11 442 443
60824.013958 151.621300 3.376675 I11 443 444
60824.014709 148.851087 2.733563 I11 444 445
60824.015233 148.850150 2.733317 I11 445 446
60824.015759 148.849209 2.733070 I11 446 447
60824.017338 148.846385 2.732330 I11 447 448
60824.018386 148.844511 2.731839 I11 448 449
60824.018905 148.843583 2.731595 I11 449 450
60824.019428 148.842648 2.731350 I11 450 451
60824.020470 148.840786 2.730862 I11 451 452
60824.020995 148.839848 2.730615 I11 452 453
60824.021521 148.838908 2.730369 I11 453 454
60824.022043 148.837975 2.730124 I11 454 455
60824.030987 148.822008 2.725930 I11 455 456
60824.031509 148.821077 2.725685 I11 456 457
60824.032035 150.231910 3.047755 I11 457 459
60824.032560 148.819203 2.725193 I11 459 460
60824.033611 148.817329 2.724700 I11 460 461
60824.034138 148.816389 2.724453 I11 461 462
60824.034664 148.815452 2.724206 I11 462 463
60824.035188 148.814518 2.723960 I11 463 464
60824.035708 148.813589 2.723716 I11 464 465
60824.036234 148.812654 2.723470 I11 465 466
60824.036759 148.811718 2.723223 I11 466 467
60824.038331 148.808918 2.722486 I11 467 468
60824.038857 148.807981 2.722240 I11 468 469
60824.039908 148.806110 2.721747 I11 469 470
60824.040434 148.805173 2.721500 I11 470 471
60824.040957 148.804242 2.721255 I11 471 472
60824.041493 151.656682 3.363800 I11 472 473
60824.042021 148.802348 2.720756 I11 473 474
60824.042547 148.801412 2.720509 I11 474 475
60824.043070 151.658710 3.363063 I11 475 476
60824.043596 148.799545 2.720017 I11 476 477
60824.044123 148.798608 2.719770 I11 477 478
60824.044649 148.797672 2.719523 I11 478 479
60824.045701 148.795799 2.719029 I11 479 480
60824.046230 148.794860 2.718782 I11 480 481
60824.046999 148.793493 2.718421 I11 481 482
60824.047522 148.792563 2.718176 I11 482 483
60824.048047 148.791630 2.717930 I11 483 484
60824.048572 148.790697 2.717683 I11 484 485
60824.049097 148.789763 2.717437 I11 485 486
60825.075627 226.525698 -36.658903 I11 486 487
60825.076117 226.524834 -36.659540 I11 487 488
60825.081978 226.514498 -36.667159 I11 488 489
60826.226029 224.595016 -38.074236 I11 489 490
60826.226473 224.594262 -38.074749 I11 490 491
60826.226910 224.593521 -38.075254 I11 491 492
60826.228655 224.590562 -38.077270 I11 492 493
60826.229092 224.589822 -38.077774 I11 493 494
60826.230422 224.587567 -38.079310 I11 494 495
60826.231731 224.585349 -38.080821 I11 495 496
60826.232168 224.584609 -38.081325 I11 496 497
60826.232606 224.583867 -38.081830 I11 497 498
60826.233051 224.583113 -38.082344 I11 498 499
60826.233491 224.582367 -38.082851 I11 499 500
60826.233929 224.581626 -38.083356 I11 500 501
60826.234366 224.580885 -38.083860 I11 501 502
60826.234804 224.580144 -38.084365 I11 502 503
60826.236120 224.577915 -38.085883 I11 503 504
60826.237023 224.576387 -38.086923 I11 504 505
60826.243262 224.565833 -38.094109 I11 505 506
60826.243792 224.564937 -38.094719 I11 506 507
60826.245380 224.562253 -38.096546 I11 507 508
60826.246453 224.560440 -38.097780 I11 508 509
60826.246981 224.559548 -38.098388 I11 509 510
60826.248600 224.556813 -38.100249 I11 510 511
60826.250193 224.554124 -38.102080 I11 511 512
60826.250736 224.553207 -38.102704 I11 512 513
60826.251265 224.552314 -38.103312 I11 513 514
60826.251802 224.551408 -38.103929 I11 514 515
60826.252333 224.550512 -38.104539 I11 515 516
60826.252862 224.549619 -38.105146 I11 516 517
60826.253390 224.548728 -38.105752 I11 517 518
60826.253926 224.547824 -38.106368 I11 518 519
60826.255532 224.545116 -38.108212 I11 519 520
60826.256619 224.543283 -38.109459 I11 520 521
60826.257711 224.541442 -38.110712 I11 521 522
60826.258789 224.539625 -38.111949 I11 522 523
60826.268998 224.522443 -38.123647 I11 523 524
60826.273547 224.514799 -38.128851 I11 524 525
60826.273983 224.514067 -38.129350 I11 525 526
60826.274857 224.512600 -38.130349 I11 526 527
60826.275309 224.511841 -38.130866 I11 527 528
60826.275750 224.511101 -38.131370 I11 528 529
60826.276188 224.510366 -38.131870 I11 529 530
60826.277063 224.508897 -38.132870 I11 530 531
60826.277513 224.508142 -38.133385 I11 531 532
60826.279259 224.505213 -38.135380 I11 532 533
60826.279695 224.504482 -38.135878 I11 533 534
60826.280137 224.503741 -38.136382 I11 534 535
60826.281446 224.501545 -38.137878 I11 535 536
60826.283199 224.498609 -38.139878 I11 536 537
60826.284097 224.497105 -38.140903 I11 537 538
60826.284989 224.495609 -38.141922 I11 538 539
60826.285875 224.494127 -38.142932 I11 539 540
60827.254679 222.936354 -39.232259 I11 540 541
60827.255552 222.934933 -39.233180 I11 541 542
60827.255989 222.934221 -39.233641 I11 542 543
60827.256868 222.932791 -39.234567 I11 543 544
60827.257304 222.932081 -39.235027 I11 544 545
60827.258194 222.930634 -39.235965 I11 545 546
60827.261257 222.925653 -39.239191 I11 546 547
60827.278673 222.897404 -39.257499 I11 547 548
60827.288565 222.881416 -39.267868 I11 548 549
60827.289006 222.880704 -39.268330 I11 549 550
60827.293899 222.872812 -39.273452 I11 550 551
60827.294342 222.872098 -39.273915 I11 551 552
60827.295228 222.870670 -39.274842 I11 552 553
60827.295673 222.869953 -39.275308 I11 553 554
60827.297978 222.866240 -39.277718 I11 554 555
60827.298415 222.865537 -39.278175 I11 555 556
60827.298873 222.864800 -39.278654 I11 556 557
60828.091449 221.642746 -40.106364 I11 557 558
60831.300530 321.826933 -16.499379 I11 558 559
60831.304094 321.834837 -16.495913 I11 559 560
60831.307662 321.842747 -16.492441 I11 560 561
60831.308165 321.843862 -16.491951 I11 561 562
60831.312359 321.853156 -16.487867 I11 562 563
60831.319678 321.869366 -16.480731 I11 563 564
60831.323317 321.877421 -16.477181 I11 564 565
60831.326933 321.885429 -16.473648 I11 565 566
60831.330581 321.893499 -16.470084 I11 566 567
60831.348134 321.932317 -16.452899 I11 567 568
60836.298110 317.774431 -10.992316 I11 568 569
60836.312474 317.798750 -10.990644 I11 569 570
60836.321113 317.813370 -10.989627 I11 570 571
60836.324699 317.819438 -10.989202 I11 571 572
60836.362903 317.884110 -10.984571 I11 572 573
60847.150944 237.225077 -13.616356 I11 573 574
60847.168583 243.932251 -14.342118 I11 574 575
60847.170062 237.217553 -13.597272 I11 575 576
60847.184708 271.566462 -15.818547 I11 576 577
60847.185240 270.285112 -15.875863 I11 577 579
60847.188453 249.951471 -15.356508 I11 579 581
60847.190381 243.915857 -14.421707 I11 581 582
60847.191822 236.627671 -16.615022 I11 582 583
60847.195988 236.715071 -30.137216 I11 583 584
60847.197917 244.170407 -33.295636 I11 584 585
60847.205572 297.887355 -13.218957 I11 585 587
60847.211021 271.517937 -15.820476 I11 587 588
60847.211590 269.016528 -15.956104 I11 588 589
60847.214698 249.920817 -15.360881 I11 589 591
60847.216564 243.896532 -14.517181 I11 591 592
60847.222180 236.748721 -30.159300 I11 592 593
60847.224069 244.126828 -33.325513 I11 593 594
60847.227493 251.957275 -15.477381 I11 594 595
60847.231646 298.370402 -12.709412 I11 595 596
60847.240412 318.662630 -20.099004 I11 596 598
60847.241345 320.883533 -25.878202 I11 598 599
60847.247397 326.914856 -21.425379 I11 599 600
60847.247855 323.295161 -19.111968 I11 600 601
60847.248313 327.413784 -17.832603 I11 601 602
60847.264268 318.722595 -20.111539 I11 602 604
60847.265236 320.917859 -25.877748 I11 604 605
60847.271470 326.933500 -21.402778 I11 605 606
60847.272407 327.427594 -17.853307 I11 606 607
60847.286734 310.069958 -17.212478 I11 607 608
60847.295363 334.138024 -12.045750 I11 608 609
60847.295831 331.130899 -10.346897 I11 609 610
60847.311123 310.207624 -17.243714 I11 610 611
60847.320058 334.114840 -11.767293 I11 611 612
60847.320541 331.158851 -10.338841 I11 612 613
60847.323431 333.926368 -1.992197 I11 613 614
60847.323887 329.918451 -3.777034 I11 614 615
60847.367829 298.395321 -31.446600 I11 615 616
60847.368305 299.687413 -26.780911 I11 616 617
60848.079313 260.051713 -12.878719 I11 617 618
60848.082526 250.785755 -13.797382 I11 618 620
60848.083988 242.607552 -10.170120 I11 620 621
60848.085923 248.927247 -15.511721 I11 621 623
60848.097814 269.567436 -16.871010 I11 623 624
60848.111519 266.423693 -14.431883 I11 624 625
60848.114381 250.797123 -13.846157 I11 625 627
60848.115922 242.604987 -10.204708 I11 627 628
60848.170847 266.337395 -14.426154 I11 628 629
60848.173435 250.931198 -12.580289 I11 629 630
60848.174376 248.820911 -15.527319 I11 630 632
60848.175828 242.600296 -10.268917 I11 632 633
60848.233485 316.244959 -26.456174 I11 633 634
60848.235906 317.094412 -20.832388 I11 634 635
60848.236379 315.985485 -18.408966 I11 635 636
60848.236846 317.092716 -20.833219 I11 636 637
60848.262723 298.840652 -13.236278 I11 637 638
60848.263717 300.498715 -15.750019 I11 638 640
60848.264290 297.057643 -13.039307 I11 640 641
60848.272643 328.027562 -18.726323 I11 641 642
60848.273118 326.303481 -20.268266 I11 642 643
60848.276896 332.297797 -10.018092 I11 643 644
60848.279188 328.282139 -2.021564 I11 644 645
60848.284770 320.111629 -20.283392 I11 645 646
60848.293075 334.035496 -2.664861 I11 646 647
60849.185310 242.833293 -22.028199 I11 647 648
60850.116245 257.122563 -15.876941 I11 648 649
60850.138482 285.127275 -20.535423 I11 649 650
60851.024313 241.786772 -29.369086 I11 650 651
60851.026652 243.183602 -24.964362 I11 651 652
60851.029831 244.514205 -16.209449 I11 652 653
60851.030747 238.318571 -13.284874 I11 653 654
60851.034978 241.777504 -29.412691 I11 654 655
60851.048322 258.460811 -22.610381 I11 655 656
60851.063446 263.001243 -16.034798 I11 656 657
60851.067190 244.462126 -16.224808 I11 657 658
60851.067684 246.177226 -15.894120 I11 658 659
60856.083035 271.682429 -14.170486 I11 659 660
60856.089873 244.566921 -12.141468 I11 660 661
60856.090917 243.039343 -13.885327 I11 661 662
60856.135507 284.825638 -28.063522 I11 662 663
60856.136913 287.373108 -27.413530 I11 663 664
60856.150672 292.684338 -30.068665 I11 664 665
60856.167947 239.984119 -15.743370 I11 665 666
60856.168887 238.934663 -21.330357 I11 666 667
60856.170067 237.573705 -23.985015 I11 667 668
60856.170525 238.725228 -24.229021 I11 668 669
60857.303014 348.851569 -10.577483 I11 669 670
60857.303977 344.906953 -6.283956 I11 670 671
60857.307248 335.748062 -9.126276 I11 671 672
60857.308187 334.444980 -4.472993 I11 672 673
60857.310000 329.205775 -3.849996 I11 673 674
60857.313827 320.204498 -7.686501 I11 674 675
60857.315290 323.024450 -10.671690 I11 675 676
60857.333874 325.750249 -9.169922 I11 676 677
60857.337966 332.614519 -12.573768 I11 677 678
60857.338470 333.039670 -10.362585 I11 678 679
60857.342985 357.555482 -13.674716 I11 679 680
60857.346771 356.978473 -2.214751 I11 680 681
60857.361183 308.512119 -19.848156 I11 681 682
60857.364432 298.231948 -17.519031 I11 682 683
60857.367166 303.009058 -27.136529 I11 683 684
60857.368532 303.008768 -27.132892 I11 684 685
60857.376292 308.541322 -19.887050 I11 685 686
60857.383216 298.231182 -17.542453 I11 686 687
60857.388187 285.654958 -27.787704 I11 687 688
60857.389077 285.854896 -31.616439 I11 688 689
60857.392752 303.003820 -27.068143 I11 689 690
60857.393213 303.003730 -27.066906 I11 690 691
60857.988349 221.706695 -40.046094 I11 691 692
60857.995091 221.710481 -40.039647 I11 692 693
60858.101814 283.152697 -19.150514 I11 693 694
60858.103207 278.080540 -20.654499 I11 694 695
60858.103649 278.079564 -20.654222 I11 695 696
60858.105053 271.520144 -18.632792 I11 696 697
60858.113554 247.954910 -11.124718 I11 697 698
60858.119338 270.588531 -19.353491 I11 698 699
60858.139308 284.686021 -27.990180 I11 699 700
60858.146411 277.984255 -20.626762 I11 700 701
60858.148402 271.558406 -13.195897 I11 701 702
60858.161265 298.229679 -18.513655 I11 702 703
60858.162655 302.131463 -15.776485 I11 703 704
60858.163578 296.627303 -12.902780 I11 704 705
60858.164961 296.633003 -12.905563 I11 705 706
60858.168244 282.138164 -11.180332 I11 706 707
60858.177737 239.800733 -25.608371 I11 707 709
60858.202256 310.304039 -22.059140 I11 709 710
60858.202721 314.903080 -21.721201 I11 710 711
60858.210490 309.839407 -7.931050 I11 711 712
60858.213337 302.103475 -15.723301 I11 712 713
60858.219241 322.511289 -11.415303 I11 713 714
60858.220171 322.510721 -11.416062 I11 714 715
60858.222895 318.679714 -8.300386 I11 715 716
60858.229680 327.150765 -10.194510 I11 716 717
60858.230122 327.068525 -7.839919 I11 717 718
60858.230568 330.072359 -5.049877 I11 718 719
60858.232589 309.860626 -7.974536 I11 719 720
60858.236903 296.931242 -13.050716 I11 720 721
60858.237407 296.933344 -13.051733 I11 721 722
60858.241867 314.872118 -19.407325 I11 722 723
60858.246401 309.873852 -8.001707 I11 723 724
60858.247381 303.560091 -9.568636 I11 724 725
60858.250743 296.989186 -13.078718 I11 725 726
60858.251206 296.991128 -13.079656 I11 726 727
60858.255760 314.871577 -19.423125 I11 727 728
60858.263885 334.463140 -9.710560 I11 728 729
60858.264344 336.676835 -7.625767 I11 729 730
60858.268910 332.302199 -7.460506 I11 730 731
60858.279804 332.192650 -13.677654 I11 731 732
60858.284577 346.309003 -14.179077 I11 732 733
60858.287879 349.047449 3.381140 I11 733 734
60858.314355 356.497711 2.433403 I11 734 735
60858.316161 350.855544 0.313106 I11 735 736
60858.316619 350.664944 -2.423167 I11 736 737
60858.320060 357.665145 10.129310 I11 737 738
60858.323719 0.738900 -1.182285 I11 738 739
60858.326065 2.604960 3.008029 I11 739 740
60858.332371 336.739790 -7.516892 I11 740 741
60858.336174 346.342869 -14.127092 I11 741 742
60858.351407 336.757353 -7.486331 I11 742 743
60858.996054 222.341541 -39.060881 I11 743 744
60859.108023 284.263628 -12.326023 I11 744 745
60859.122910 269.647864 -13.814207 I11 745 746
60859.132645 274.642550 -33.308330 I11 746 747
60859.142015 297.327908 -25.453693 I11 747 748
60859.145306 283.529138 -15.656860 I11 748 749
60859.146797 284.342808 -12.374219 I11 749 750
60859.170557 249.879079 -18.948734 I11 750 751
60859.174329 237.224323 -15.083321 I11 751 752
60859.176175 238.479009 -23.695917 I11 752 753
60859.178027 240.945832 -27.052018 I11 753 754
60859.179447 240.334773 -27.071561 I11 754 756
60859.179922 240.918374 -30.492526 I11 756 757
60859.182325 250.796732 -28.802535 I11 757 758
60859.196162 250.779125 -28.793826 I11 758 759
60859.200332 298.207180 -19.790043 I11 759 760
60859.216474 302.054442 -15.296972 I11 760 761
60859.305153 322.942961 -20.992368 I11 761 762
60859.305660 322.942567 -20.992717 I11 762 763
60859.380132 342.159126 -10.416240 I11 763 764
60859.984885 222.987069 -38.067147 I11 764 765
60859.990420 222.990421 -38.061556 I11 765 766
60859.990878 222.990698 -38.061093 I11 766 767
60859.994580 222.992938 -38.057349 I11 767 768
60859.997574 222.994749 -38.054320 I11 768 769
60859.998037 222.995029 -38.053851 I11 769 770
60860.004170 222.998736 -38.047638 I11 770 771
60860.011493 223.512528 -37.091788 I11 771 773
60860.058716 223.031696 -37.992040 I11 773 774
60860.106506 223.060758 -37.942823 I11 774 775
60860.108399 223.061916 -37.940864 I11 775 776
60860.222748 327.926341 -13.324550 I11 776 777
60860.233235 322.246575 -21.635060 I11 777 778
60860.233721 319.597847 -23.946723 I11 778 779
60860.264633 327.825809 -13.446824 I11 779 780
60860.265550 330.095473 -8.803185 I11 780 781
60860.275649 274.010212 -19.146211 I11 781 782
60860.302836 349.299188 -15.636885 I11 782 783
60860.306066 352.478201 -1.370750 I11 783 784
60860.306524 352.955282 1.224532 I11 784 785
60860.319540 332.071480 -7.907330 I11 785 786
60860.330584 359.787548 -0.672324 I11 786 787
60860.332892 3.117394 7.842586 I11 787 788
60860.340867 7.352936 -2.818586 I11 788 789
60860.342220 10.924650 -5.641666 I11 789 790
60860.343136 7.743661 0.793961 I11 790 791
60860.343592 12.042734 3.183919 I11 791 792
60860.345404 8.439559 9.738822 I11 792 794
60860.370361 302.618758 -16.169320 I11 794 795
60860.371287 300.392765 -14.575237 I11 795 796
60860.394251 302.610782 -16.048183 I11 796 797
60860.395668 298.166126 -21.225857 I11 797 798
60861.015833 259.932461 -27.876624 I11 798 799
60861.017264 260.842017 -33.920954 I11 799 800
60861.168457 312.901305 -13.786901 I11 800 801
60861.190542 312.922746 -13.830920 I11 801 802
60862.990314 277.532111 -21.991534 I11 802 803
60863.003479 277.564083 -22.059745 I11 803 804
60863.058303 299.222592 -23.637462 I11 804 805
60863.066454 298.645124 -23.985896 I11 805 807
60863.070047 299.613497 -10.094554 I11 807 808
60863.071382 293.370383 -17.015244 I11 808 809
60863.080044 299.208380 -23.722244 I11 809 810
60863.088240 298.636973 -24.040638 I11 810 812
60863.089579 293.409326 -17.036723 I11 812 813
60863.091866 299.599515 -10.067554 I11 813 814
60863.093248 293.417129 -17.041040 I11 814 815
60863.093728 292.129085 -10.735838 I11 815 816
60863.099924 298.632472 -24.070000 I11 816 818
60863.100379 299.194602 -23.801598 I11 818 819
60863.109046 319.910855 -23.658268 I11 819 820
60863.109490 322.504594 -24.085008 I11 820 821
60863.110865 314.909224 -17.613726 I11 821 822
60863.114017 309.266479 -11.581644 I11 822 824
60863.126201 298.622048 -24.136024 I11 824 826
60863.126664 299.176161 -23.904218 I11 826 827
60863.131784 314.670555 -25.139404 I11 827 828
60863.144734 308.741102 -11.459749 I11 828 829
60863.147056 308.739991 -11.461873 I11 829 830
60863.245279 322.855452 -13.664025 I11 830 831
60863.248687 328.078790 -17.105335 I11 831 833
60863.279181 348.268309 -3.248638 I11 833 835
60863.279619 348.668772 -2.521659 I11 835 836
60863.282295 342.868020 -0.071407 I11 836 837
60863.286407 341.864132 1.281377 I11 837 838
60863.297467 348.264075 -3.247434 I11 838 840
60863.306875 344.061662 -5.087060 I11 840 841
60863.307349 345.120249 -5.262930 I11 841 843
60863.311986 341.890612 1.331107 I11 843 844
60863.314288 331.031884 -2.477219 I11 844 845
60866.997201 241.867900 -21.009093 I11 845 846
60866.998114 239.994091 -23.598918 I11 846 849
60866.998584 242.863577 -24.023622 I11 849 850
60867.043453 260.154429 -19.316349 I11 850 851
60867.043910 260.154081 -19.315629 I11 851 852
60867.044384 260.153722 -19.314886 I11 852 853
60867.044841 260.153376 -19.314167 I11 853 854
60867.050527 257.867631 -25.984819 I11 854 855
60867.050985 257.868845 -25.984895 I11 855 856
60867.053710 245.698718 -16.162317 I11 856 857
60867.056591 257.202159 -19.922607 I11 857 858
60867.099610 241.267423 -21.113663 I11 858 859
60867.113368 239.767609 -23.411484 I11 859 862
60867.127809 242.986695 -24.190348 I11 862 863
60867.142822 251.844581 -27.424834 I11 863 864
60867.143281 251.845535 -27.424492 I11 864 865
60867.161725 333.899569 -12.895744 I11 865 866
60867.164354 343.053211 -13.016333 I11 866 867
60867.172450 329.452113 -8.698664 I11 867 868
60867.187004 258.229012 -26.002768 I11 868 869
60867.198324 351.058292 -6.118709 I11 869 871
60867.199790 346.743128 1.138325 I11 871 872
60867.200429 355.471371 -13.354814 I11 872 874
60867.200891 355.964103 -11.294388 I11 874 876
60867.204293 353.331913 -3.056007 I11 876 877
60867.206937 354.172608 -0.322678 I11 877 879
60867.207451 356.688582 -9.953603 I11 879 880
60867.207925 355.109385 -1.454129 I11 880 881
60867.211910 346.738526 1.155204 I11 881 882
60867.212367 346.738351 1.155840 I11 882 883
60867.214192 339.210361 -5.719430 I11 883 884
60867.214665 330.143967 -13.136471 I11 884 885
60867.219751 355.513745 -13.295660 I11 885 887
60867.220188 355.514700 -13.294321 I11 887 889
60867.220645 355.988784 -11.289033 I11 889 891
60867.221082 355.989330 -11.288915 I11 891 893
60867.228772 3.743555 -0.301761 I11 893 894
60867.229814 354.236459 -0.292138 I11 894 896
60867.230336 356.717568 -9.953276 I11 896 897
60867.230778 356.718127 -9.953269 I11 897 898
60867.234558 0.884043 4.620161 I11 898 899
60867.239062 334.018751 -12.772089 I11 899 900
60867.241925 330.177267 -13.180067 I11 900 901
60867.243001 339.135167 -18.452920 I11 901 902
60867.254630 351.102646 -6.103511 I11 902 904
60867.255088 351.103004 -6.103388 I11 904 906
60867.255549 355.237031 -1.469979 I11 906 907
60867.256008 355.238245 -1.470131 I11 907 908
60867.256471 353.358730 -3.010019 I11 908 909
60867.256929 353.358961 -3.009616 I11 909 910
60867.257390 354.313152 -0.255288 I11 910 912
60867.257847 354.314420 -0.254677 I11 912 914
60867.258343 3.807177 -0.280938 I11 914 915
60867.260361 355.249780 -1.471576 I11 915 916
60867.260820 355.250995 -1.471728 I11 916 917
60867.262220 355.254700 -1.472193 I11 917 918
60867.262677 355.255908 -1.472344 I11 918 919
60867.263139 0.322116 3.770416 I11 919 921
60867.263597 0.322653 3.770692 I11 921 923
60867.273085 329.237110 -8.674199 I11 923 924
60867.273556 326.599292 -11.761403 I11 924 925
60867.279366 353.151770 1.980040 I11 925 926
60867.281602 346.711186 1.252379 I11 926 927
60867.282058 346.711003 1.253015 I11 927 928
60867.293837 355.355321 -12.584017 I11 928 929
60867.294297 355.355884 -12.583771 I11 929 930
60867.294762 355.675674 -13.065369 I11 930 932
60867.295220 355.676652 -13.063960 I11 932 934
60867.295694 356.799951 -9.952272 I11 934 935
60867.296151 356.800526 -9.952264 I11 935 936
60867.296621 356.801117 -9.952256 I11 936 937
60867.297080 356.801693 -9.952249 I11 937 938
60867.297907 339.315501 -5.673196 I11 938 939
60867.302980 3.902775 -0.249475 I11 939 940
60867.303438 3.903756 -0.249151 I11 940 941
60867.304823 0.968347 4.656337 I11 941 942
60867.305280 0.968895 4.656573 I11 942 943
60867.318543 4.080357 5.122990 I11 943 944
60867.318998 7.108381 6.219024 I11 944 945
60867.319440 6.697079 3.497168 I11 945 947
60867.319896 8.020007 3.235922 I11 947 949
60867.320351 10.468805 3.802730 I11 949 950
60867.322169 7.362104 14.239689 I11 950 951
60867.322610 4.970729 14.832285 I11 951 953
60867.326528 334.151960 -12.629607 I11 953 954
60867.329702 330.284011 -13.320311 I11 954 955
60867.335171 17.031621 1.242061 I11 955 957
60867.335629 15.566489 4.057806 I11 957 958
60867.336080 15.215549 7.756554 I11 958 964
60867.336536 16.177184 9.249383 I11 964 969
60867.336978 16.399474 10.667136 I11 969 970
60867.339228 15.156521 9.313942 I11 970 971
60867.339672 12.564479 6.883675 I11 971 972
60867.341491 353.400707 -2.934884 I11 972 973
60867.341957 354.547054 -0.142031 I11 973 975
60867.342402 351.170567 -6.079756 I11 975 977
60867.344049 19.198511 7.933258 I11 977 978
60867.344701 355.470002 -1.499429 I11 978 979
60867.347801 354.881622 0.392893 I11 979 980
60867.348245 354.882974 0.393600 I11 980 981
60867.351655 17.563411 1.189416 I11 981 982
60867.353355 18.951754 -2.741582 I11 982 983
60867.353836 20.550212 5.766838 I11 983 985
60867.974764 255.945917 -27.794749 I11 985 986
60867.976114 257.981629 -18.907299 I11 986 987
60867.978829 253.641247 -26.811387 I11 987 988
60867.985821 255.970499 -27.791104 I11 988 989
60868.007361 253.698625 -26.791168 I11 989 990
60868.010411 245.942132 -20.608088 I11 990 991
60868.012612 258.005612 -18.868101 I11 991 992
60868.013053 260.461813 -14.448058 I11 992 993
60868.014461 254.103935 -13.078212 I11 993 994
60868.016778 245.027246 -9.511187 I11 994 995
60868.020599 248.223158 -17.775872 I11 995 996
60868.021086 248.224350 -17.776730 I11 996 997
60868.023077 259.455817 -17.772851 I11 997 998
60868.024061 260.655669 -26.093155 I11 998 999
60868.025994 264.139518 -27.801293 I11 999 1000
60868.027496 262.347050 -14.052836 I11 1000 1001
60868.030051 262.343249 -14.051420 I11 1001 1002
60868.030508 259.450387 -17.761196 I11 1002 1003
60868.030964 258.017200 -18.848162 I11 1003 1004
60868.031406 260.476504 -14.461948 I11 1004 1005
60868.033210 254.110903 -13.105840 I11 1005 1006
60868.053463 259.433588 -17.725174 I11 1006 1007
60868.053938 258.031371 -18.822962 I11 1007 1008
60868.054401 260.494834 -14.479310 I11 1008 1009
60868.056271 254.119413 -13.139760 I11 1009 1010
60868.058228 245.041952 -9.560965 I11 1010 1011
60868.061234 258.035810 -18.814901 I11 1011 1012
60868.080097 245.049682 -9.587168 I11 1012 1013
60868.083650 254.129462 -13.179942 I11 1013 1014
60868.089286 245.052934 -9.598166 I11 1014 1015
60868.092854 254.132834 -13.193427 I11 1015 1016
60868.095162 254.133679 -13.196806 I11 1016 1017
60868.096232 260.528028 -14.510770 I11 1017 1018
60868.096759 262.242370 -14.013565 I11 1018 1019
60868.100073 245.056757 -9.611068 I11 1019 1020
60868.106248 254.137740 -13.213032 I11 1020 1021
60868.107315 260.536805 -14.519078 I11 1021 1022
60868.107854 262.225417 -14.007094 I11 1022 1023
60868.116902 239.306196 -21.741896 I11 1023 1024
60868.117877 236.394087 -22.349565 I11 1024 1026
60868.124073 245.946383 -20.362601 I11 1026 1027
60868.124598 248.477365 -17.956578 I11 1027 1028
60868.150929 254.154164 -13.278252 I11 1028 1029
60868.156376 239.251656 -21.703407 I11 1029 1030
60868.157340 236.286157 -22.275545 I11 1030 1032
60868.161009 244.068044 -25.507629 I11 1032 1033
60868.163173 245.948169 -20.277296 I11 1033 1034
60868.163649 248.574350 -18.023134 I11 1034 1035
60868.171313 254.161721 -13.307919 I11 1035 1036
60868.176575 239.223875 -21.683623 I11 1036 1037
60868.177477 236.231567 -22.237449 I11 1037 1039
60868.181162 244.088130 -25.532678 I11 1039 1040
60868.186524 254.054516 -26.660058 I11 1040 1041
60868.199793 259.326544 -17.494838 I11 1041 1042
60868.200303 258.120464 -18.655746 I11 1042 1043
60868.200749 258.120751 -18.655219 I11 1043 1044
60868.204419 254.090125 -26.646572 I11 1044 1045
60868.210918 255.279038 -27.177697 I11 1045 1047
60868.224420 258.136265 -18.627145 I11 1047 1048
60868.224863 258.136561 -18.626617 I11 1048 1049
60868.228496 254.138173 -26.628338 I11 1049 1050
60868.238280 345.506468 -13.794504 I11 1050 1051
60868.249527 358.048593 -9.933270 I11 1051 1052
60868.249976 359.035357 -8.154078 I11 1052 1053
60868.271521 340.636617 -5.115663 I11 1053 1054
60868.279037 344.980057 -19.272272 I11 1054 1055
60868.279496 345.600609 -13.825253 I11 1055 1056
60868.280440 351.623918 -7.242847 I11 1056 1057
60868.281861 358.090647 -9.932768 I11 1057 1058
60868.282308 359.129522 -7.973441 I11 1058 1059
60868.285522 352.264270 -4.415289 I11 1059 1060
60868.286467 357.917085 1.939219 I11 1060 1061
60868.286914 356.658128 0.352319 I11 1061 1062
60868.287364 353.931390 -2.089839 I11 1062 1063
60868.288243 353.511602 3.119400 I11 1063 1064
60868.290525 346.345344 2.683110 I11 1064 1065
60868.293719 340.665882 -5.102635 I11 1065 1066
60868.306929 345.663159 -13.845646 I11 1066 1067
60868.308342 351.655294 -7.254339 I11 1067 1068
60868.308797 352.274239 -4.393867 I11 1068 1069
60868.309251 353.942083 -2.070148 I11 1069 1070
60868.309717 356.713476 0.376630 I11 1070 1071
60868.311959 356.671466 -12.014409 I11 1071 1072
60868.312408 359.216152 -7.805213 I11 1072 1073
60868.313298 358.099683 -1.809729 I11 1073 1074
60868.317975 1.593016 4.412622 I11 1074 1076
60868.321117 354.808885 10.122757 I11 1076 1078
60868.321997 353.523097 3.158384 I11 1078 1079
60868.324265 346.330533 2.731793 I11 1079 1080
60868.325971 61.414273 -50.287599 I11 1080 1081
60868.328978 61.413163 -50.282758 I11 1081 1082
60868.329412 61.413002 -50.282059 I11 1082 1083
60868.337300 63.747240 -47.778353 I11 1083 1084
60868.337733 63.747989 -47.777405 I11 1084 1085
60868.339863 63.751667 -47.772743 I11 1085 1086
60868.340298 63.752417 -47.771791 I11 1086 1087
60868.344084 17.839351 1.907576 I11 1087 1088
60868.344538 14.483400 3.839266 I11 1088 1089
60868.346339 5.896967 1.450884 I11 1089 1091
60868.346843 5.578863 2.405898 I11 1091 1092
60868.987828 255.697351 -26.075004 I11 1092 1093
60868.988274 258.405034 -27.374331 I11 1093 1094
60868.988721 263.466284 -26.146161 I11 1094 1095
60868.989612 258.408197 -27.373797 I11 1095 1096
60869.004832 258.877370 -17.723117 I11 1096 1097
60869.005303 258.781215 -16.230333 I11 1097 1098
60869.007588 251.096542 -19.534911 I11 1098 1099
60869.011240 255.742112 -26.058481 I11 1099 1100
60869.011687 258.460218 -27.364877 I11 1100 1101
60869.012130 263.531523 -26.148031 I11 1101 1102
60869.018713 263.549797 -26.148516 I11 1102 1103
60869.028577 258.893528 -17.696043 I11 1103 1104
60869.029059 258.764516 -16.193245 I11 1104 1105
60869.029517 254.529860 -14.538517 I11 1105 1106
60869.045729 261.329996 -15.213350 I11 1106 1107
60869.054115 281.959217 -26.547582 I11 1107 1108
60869.067350 261.083670 -13.450524 I11 1108 1109
60869.074467 275.888092 -34.318190 I11 1109 1110
60869.077741 281.946905 -26.523749 I11 1110 1111
60869.091224 261.049043 -13.437273 I11 1111 1112
60869.093531 261.045690 -13.435982 I11 1112 1113
60869.094051 261.044934 -13.435690 I11 1113 1114
60869.095776 245.093899 -10.464172 I11 1114 1116
60869.096259 244.707936 -10.133780 I11 1116 1117
60869.101528 261.374167 -15.254312 I11 1117 1118
60869.105825 261.027807 -13.429061 I11 1118 1119
60869.106342 261.027054 -13.428768 I11 1119 1120
60869.108015 244.861119 -10.480863 I11 1120 1123
60869.108493 244.706652 -10.151328 I11 1123 1124
60869.117614 246.085983 -18.158521 I11 1124 1125
60869.118606 237.973911 -20.757377 I11 1125 1126
60869.125488 245.108201 -26.713342 I11 1126 1127
60869.126603 245.109327 -26.714706 I11 1127 1128
60869.290357 8.989949 0.507122 I11 1128 1130
60869.291274 5.151823 1.457736 I11 1130 1131
60869.291720 5.151598 1.457294 I11 1131 1132
60869.292171 1.404893 3.708939 I11 1132 1133
60869.292615 359.167472 1.408134 I11 1133 1134
60869.294911 2.802996 5.021709 I11 1134 1136
60869.295358 3.821235 7.135465 I11 1136 1137
60869.295803 2.502619 11.081352 I11 1137 1138
60869.296698 357.787809 9.463554 I11 1138 1139
60869.298963 353.877190 4.310842 I11 1139 1140
60869.300832 348.851168 3.237783 I11 1140 1141
60869.301293 345.945779 4.163393 I11 1141 1142
60869.302753 354.492487 -1.167490 I11 1142 1143
60869.308719 358.037045 -11.412725 I11 1143 1144
60869.313821 8.413276 1.200229 I11 1144 1145
60869.314741 5.139987 1.434504 I11 1145 1146
60869.315193 5.139757 1.434057 I11 1146 1147
60869.315647 1.487748 3.751643 I11 1147 1148
60869.316090 359.222764 1.432409 I11 1148 1149
60869.318423 2.831943 5.036570 I11 1149 1151
60869.318872 3.814395 7.159784 I11 1151 1152
60869.319317 2.522508 11.095069 I11 1152 1153
60869.320215 357.837096 9.463379 I11 1153 1154
60869.321122 353.884836 4.337556 I11 1154 1155
60869.322479 353.885303 4.339193 I11 1155 1156
60869.324369 348.841464 3.216209 I11 1156 1157
60869.324836 345.565553 5.042825 I11 1157 1159
60869.326302 354.503806 -1.145922 I11 1159 1160
60869.328251 352.857489 -7.682229 I11 1160 1161
60869.354317 61.057907 -48.582339 I11 1161 1162
60869.359106 61.056166 -48.574625 I11 1162 1163
60869.359542 61.056006 -48.573923 I11 1163 1164
60869.359976 61.055848 -48.573224 I11 1164 1165
60869.360426 61.055683 -48.572499 I11 1165 1166
60869.360862 61.055524 -48.571796 I11 1166 1167
60869.361298 61.055364 -48.571094 I11 1167 1168
60869.976166 260.949961 -26.892069 I11 1168 1169
60869.977534 257.618412 -25.358924 I11 1169 1170
60869.978462 254.258571 -21.363402 I11 1170 1171
60869.987608 260.978731 -26.886693 I11 1171 1172
60869.988981 257.639312 -25.350971 I11 1172 1173
60869.989898 254.294619 -21.386357 I11 1173 1174
60870.019631 276.854127 -33.358963 I11 1174 1175
60870.030180 281.487981 -25.560271 I11 1175 1176
60870.042431 264.450980 -17.568685 I11 1176 1177
60870.043409 261.000732 -16.204254 I11 1177 1179
60870.043914 258.094634 -14.609723 I11 1179 1180
60870.052850 281.476708 -25.537716 I11 1180 1181
60870.055161 300.488881 -29.600107 I11 1181 1182
60870.058348 296.161998 -16.361355 I11 1182 1183
60870.058791 296.161116 -16.361628 I11 1183 1184
60870.066666 259.948335 -12.893504 I11 1184 1185
60870.069198 245.289826 -11.726957 I11 1185 1187
60870.076294 281.464984 -25.514363 I11 1187 1188
60870.078614 300.526053 -29.566451 I11 1188 1189
60870.079994 297.987655 -23.685776 I11 1189 1190
60870.081777 296.115284 -16.375755 I11 1190 1191
60870.093191 245.917763 -11.962109 I11 1191 1192
60870.104419 296.069975 -16.389611 I11 1192 1193
60870.113056 296.052655 -16.394879 I11 1193 1194
60870.122215 258.041504 -14.488162 I11 1194 1195
60870.125622 245.930165 -11.999629 I11 1195 1196
60870.127571 245.298464 -11.801814 I11 1196 1198
60870.129908 237.604659 -14.729143 I11 1198 1199
60870.146465 259.838210 -12.850005 I11 1199 1200
60870.150365 245.939731 -12.028186 I11 1200 1201
60870.152292 245.302258 -11.833416 I11 1201 1203
60870.154666 237.699543 -14.784098 I11 1203 1204
60870.171247 246.257125 -27.989069 I11 1204 1205
60870.183124 262.277493 -16.033103 I11 1205 1206
60870.184067 259.928817 -16.293197 I11 1206 1207
60870.185530 255.011082 -16.126885 I11 1207 1208
60870.186487 254.910064 -21.768380 I11 1208 1209
60870.186958 254.911572 -21.769266 I11 1209 1210
60870.195439 246.282585 -28.017652 I11 1210 1211
60870.198176 258.015493 -25.201266 I11 1211 1212
60870.207136 262.296537 -16.049986 I11 1212 1213
60870.208081 259.946363 -16.262323 I11 1213 1214
60870.209528 255.020288 -16.158831 I11 1214 1215
60870.210473 254.987348 -21.813298 I11 1215 1216
60870.210948 254.988889 -21.814185 I11 1216 1217
60870.223596 281.390756 -25.366812 I11 1217 1218
60870.224998 281.390053 -25.365401 I11 1218 1219
60870.235162 267.092053 -26.135676 I11 1219 1220
60870.239772 276.985303 -33.155531 I11 1220 1221
60870.244723 281.380182 -25.345528 I11 1221 1222
60870.246114 281.379488 -25.344126 I11 1222 1223
60870.256038 267.150753 -26.133589 I11 1223 1224
60870.256483 261.649683 -26.740999 I11 1224 1225
60870.260662 276.998212 -33.133977 I11 1225 1226
60870.272427 10.637166 1.909910 I11 1226 1227
60870.281088 12.034219 -0.210622 I11 1227 1228
60870.283324 10.662180 1.918054 I11 1228 1229
60870.298890 300.861669 -29.240302 I11 1229 1230
60870.299858 306.789955 -27.471509 I11 1230 1231
60870.302594 3.667629 8.167100 I11 1231 1232
60870.303051 4.307022 5.663199 I11 1232 1235
60870.303967 5.761383 12.005153 I11 1235 1236
60870.319358 295.499347 -8.998977 I11 1236 1237
60870.320756 298.028754 -16.916312 I11 1237 1238
60870.332724 300.913358 -29.188442 I11 1238 1239
60870.334595 306.753494 -27.445119 I11 1239 1240
60870.335065 309.130900 -23.886649 I11 1240 1241
60870.357375 300.951422 -29.150415 I11 1241 1242
60870.359277 306.727685 -27.426317 I11 1242 1243
60870.359736 309.175037 -23.903665 I11 1243 1244
60870.375587 306.710684 -27.413873 I11 1244 1245
60870.376497 309.205338 -23.915062 I11 1245 1246
60870.381521 298.087320 -16.886014 I11 1246 1247
60870.381995 298.262859 -23.838181 I11 1247 1248
60870.387881 300.999110 -29.103121 I11 1248 1249
60870.392596 306.693005 -27.400879 I11 1249 1250
60870.393529 309.236425 -23.926519 I11 1250 1251
60870.977188 247.179094 -28.949610 I11 1251 1252
60870.981337 263.680828 -26.322290 I11 1252 1253
60870.981795 259.471611 -24.643417 I11 1253 1254
60870.986558 247.189067 -28.960823 I11 1254 1255
60870.988373 247.190997 -28.962994 I11 1255 1256
60870.992987 259.491012 -24.635765 I11 1256 1257
60870.997771 247.200974 -28.974216 I11 1257 1258
60871.000069 259.503260 -24.630913 I11 1258 1259
60871.001433 255.367056 -17.201205 I11 1259 1260
60871.002385 257.489351 -13.127176 I11 1260 1261
60871.005601 246.424978 -13.691469 I11 1261 1262
60871.009667 240.878752 -16.539124 I11 1262 1263
60871.015356 269.438332 -26.079435 I11 1263 1264
60871.022194 281.029094 -24.570654 I11 1264 1265
60871.032324 262.994332 -16.628912 I11 1265 1266
60871.033744 255.379381 -17.243171 I11 1266 1267
60871.038906 269.504369 -26.078257 I11 1267 1268
60871.039815 266.526290 -29.508870 I11 1268 1269
60871.040257 266.525358 -29.508637 I11 1269 1270
60871.058537 260.819760 -15.182476 I11 1270 1271
60872.002895 221.641820 -39.310536 I11 1271 1272
60872.010168 221.651490 -39.310327 I11 1272 1273
60872.975397 223.046265 -39.277807 I11 1273 1274
60872.976321 223.047535 -39.277774 I11 1274 1275
60872.976781 223.048168 -39.277758 I11 1275 1276
60872.977741 223.049490 -39.277723 I11 1276 1277
60872.978201 223.050121 -39.277706 I11 1277 1278
60872.978657 223.050748 -39.277690 I11 1278 1279
60872.979112 223.051374 -39.277673 I11 1279 1280
60872.981927 223.055248 -39.277569 I11 1280 1281
60872.982380 223.055869 -39.277552 I11 1281 1282
60872.986264 223.061212 -39.277404 I11 1282 1283
60872.990071 223.066448 -39.277254 I11 1283 1284
60872.991563 223.068502 -39.277195 I11 1284 1285
60872.994002 223.071856 -39.277096 I11 1285 1286
60872.995414 223.073798 -39.277037 I11 1286 1287
60872.995892 223.074456 -39.277018 I11 1287 1288
60873.001806 223.082593 -39.276767 I11 1288 1289
60873.002825 223.083995 -39.276723 I11 1289 1290
60873.003294 223.084640 -39.276702 I11 1290 1291
60873.141665 223.277172 -39.268023 I11 1291 1292
60873.143955 223.280419 -39.267841 I11 1292 1293
60873.144413 223.281067 -39.267804 I11 1293 1294
60873.144870 223.281715 -39.267768 I11 1294 1295
60873.145328 223.282366 -39.267731 I11 1295 1296
60873.147620 223.285617 -39.267547 I11 1296 1297
60873.148076 223.286266 -39.267511 I11 1297 1298
60873.148533 223.286913 -39.267474 I11 1298 1299
60873.152184 223.292102 -39.267178 I11 1299 1300
60873.155147 223.296317 -39.266937 I11 1300 1301
60873.155606 223.296970 -39.266900 I11 1301 1302
60873.156066 223.297625 -39.266862 I11 1302 1303
60873.157441 223.299584 -39.266749 I11 1303 1304
60873.159725 223.302839 -39.266561 I11 1304 1305
60873.161096 223.304795 -39.266448 I11 1305 1306
60873.161554 223.305448 -39.266410 I11 1306 1307
60873.162013 223.306103 -39.266372 I11 1307 1308
60873.162466 223.306749 -39.266335 I11 1308 1309
60873.164296 223.309362 -39.266183 I11 1309 1310
60873.166581 223.312627 -39.265992 I11 1310 1311
60873.167036 223.313278 -39.265954 I11 1311 1312
60873.167951 223.314586 -39.265877 I11 1312 1313
60873.168410 223.315243 -39.265839 I11 1313 1314
60873.170583 223.318353 -39.265656 I11 1314 1315
60873.171041 223.319008 -39.265618 I11 1315 1316
60873.171498 223.319663 -39.265579 I11 1316 1317
60873.171958 223.320322 -39.265540 I11 1317 1318
60873.172414 223.320975 -39.265502 I11 1318 1319
60873.172875 223.321636 -39.265463 I11 1319 1320
60873.173334 223.322295 -39.265424 I11 1320 1321
60873.173792 223.322950 -39.265385 I11 1321 1322
60873.174715 223.324273 -39.265307 I11 1322 1323
60873.175171 223.324928 -39.265269 I11 1323 1324
60873.176544 223.326897 -39.265152 I11 1324 1325
60873.177921 223.328873 -39.265035 I11 1325 1326
60873.178383 223.329537 -39.264995 I11 1326 1327
60873.180673 223.332827 -39.264800 I11 1327 1328
60873.181129 223.333482 -39.264761 I11 1328 1329
60873.182503 223.335458 -39.264643 I11 1329 1330
60873.183868 223.337423 -39.264526 I11 1330 1331
60873.187043 223.341994 -39.264252 I11 1331 1332
60873.187596 223.342790 -39.264204 I11 1332 1333
60873.189253 223.345179 -39.264061 I11 1333 1334
60873.190909 223.347568 -39.263917 I11 1334 1335
60873.192556 223.349946 -39.263774 I11 1335 1336
60873.194753 223.353120 -39.263583 I11 1336 1337
60873.195299 223.353909 -39.263535 I11 1337 1338
60873.195846 223.354700 -39.263487 I11 1338 1339
60873.196945 223.356290 -39.263391 I11 1339 1340
60873.198043 223.357878 -39.263295 I11 1340 1341
60873.198600 223.358684 -39.263246 I11 1341 1342
60873.199146 223.359475 -39.263198 I11 1342 1343
60873.200804 223.361876 -39.263053 I11 1343 1344
60873.204416 223.367114 -39.262734 I11 1344 1345
60873.204866 223.367768 -39.262695 I11 1345 1346
60873.206245 223.369768 -39.262573 I11 1346 1347
60873.206700 223.370429 -39.262533 I11 1347 1348
60873.207153 223.371087 -39.262493 I11 1348 1349
60873.207611 223.371753 -39.262452 I11 1349 1350
60873.210369 223.375762 -39.262207 I11 1350 1351
60873.211744 223.377762 -39.262085 I11 1351 1352
60873.212204 223.378433 -39.262044 I11 1352 1353
60873.213117 223.379761 -39.261963 I11 1353 1354
60873.213578 223.380433 -39.261922 I11 1354 1355
60873.214041 223.381107 -39.261881 I11 1355 1356
60873.214960 223.382446 -39.261799 I11 1356 1357
60873.215875 223.383780 -39.261717 I11 1357 1358
60873.216786 223.385108 -39.261636 I11 1358 1359
60873.983051 272.622765 -24.070620 I11 1359 1360
60873.994744 272.658102 -24.060828 I11 1360 1361
60874.009492 281.595258 -33.220147 I11 1361 1362
60874.012438 289.802312 -25.528251 I11 1362 1363
60874.016762 291.730371 -24.498967 I11 1363 1364
60874.024931 279.636054 -11.803861 I11 1364 1365
60874.027397 279.763381 -21.671631 I11 1365 1366
60874.030175 278.244149 -25.521584 I11 1366 1367
60874.037021 289.885288 -25.454249 I11 1367 1368
60874.041362 291.756424 -24.508601 I11 1368 1369
60874.042818 295.014536 -25.223372 I11 1369 1370
60874.047514 288.642670 -18.534178 I11 1370 1371
60874.050393 279.666107 -11.852314 I11 1371 1372
60874.052935 279.752794 -21.647880 I11 1372 1373
60874.062586 273.201524 -18.480143 I11 1373 1374
60874.084729 302.492254 -14.902973 I11 1374 1376
60874.086080 303.084643 -24.630145 I11 1376 1377
60874.089200 306.691392 -23.550324 I11 1377 1378
60874.090712 309.444492 -25.484323 I11 1378 1380
60874.091222 308.773040 -25.985182 I11 1380 1381
60874.091724 310.116496 -24.981565 I11 1381 1382
60874.092693 316.091540 -26.294839 I11 1382 1383
60874.095231 312.157048 -17.703237 I11 1383 1384
60874.096706 314.977050 -8.696380 I11 1384 1385
60874.100469 302.309636 -14.905105 I11 1385 1386
60874.101375 296.991656 -11.931646 I11 1386 1387
60874.107870 302.528990 -14.916449 I11 1387 1389
60874.109387 303.062306 -24.613002 I11 1389 1390
60874.112581 306.721694 -23.516446 I11 1390 1391
60874.115138 310.226298 -24.985529 I11 1391 1392
60874.116092 316.128002 -26.309252 I11 1392 1393
60874.118578 312.144674 -17.724632 I11 1393 1394
60874.120049 314.928576 -8.648131 I11 1394 1395
60874.121514 309.499814 -10.705066 I11 1395 1396
60874.204607 328.707397 -20.142494 I11 1396 1398
60874.205120 332.523568 -22.606978 I11 1398 1399
60874.207061 329.660361 -13.228544 I11 1399 1400
60874.207524 332.828310 -12.343062 I11 1400 1401
60874.208032 329.661822 -13.229779 I11 1401 1402
60874.208498 332.829161 -12.341823 I11 1402 1403
60874.209914 329.799902 -4.681295 I11 1403 1404
60874.216848 337.452297 -21.886559 I11 1404 1405
60874.217356 338.158184 -17.214804 I11 1405 1406
60874.232741 329.824298 -4.688712 I11 1406 1407
60874.240655 329.710788 -13.271229 I11 1407 1408
60874.241222 329.711637 -13.271949 I11 1408 1409
60874.241695 332.858008 -12.299519 I11 1409 1410
60874.242152 332.858404 -12.298934 I11 1410 1411
60874.244078 338.196164 -17.224807 I11 1411 1412
60874.244588 337.501148 -22.001662 I11 1412 1413
60874.253345 329.846272 -4.695403 I11 1413 1414
60874.256144 324.668655 -6.151109 I11 1414 1415
60874.261353 329.741775 -13.297489 I11 1415 1416
60874.261925 329.742630 -13.298214 I11 1416 1417
60874.262416 332.875885 -12.273026 I11 1417 1418
60874.262877 332.876283 -12.272435 I11 1418 1419
60874.264967 338.225870 -17.232603 I11 1419 1420
60874.268988 345.729707 -15.290884 I11 1420 1421
60874.269454 345.729076 -15.290930 I11 1421 1422
60874.275819 357.746788 -12.767316 I11 1422 1423
60874.279762 356.431450 3.269044 I11 1423 1425
60874.280713 350.485927 -0.876934 I11 1425 1426
60874.283233 350.490576 -0.874825 I11 1426 1427
60874.283677 346.711981 -1.597352 I11 1427 1428
60874.286565 346.024249 -10.952985 I11 1428 1429
60874.288734 359.177885 -10.051477 I11 1429 1430
60874.289239 6.585250 -8.682403 I11 1430 1432
60874.290202 2.882279 -3.193223 I11 1432 1433
60874.291797 356.912229 6.539902 I11 1433 1435
60874.294165 352.265723 6.804557 I11 1435 1436
60874.294610 352.267419 6.806491 I11 1436 1437
60874.297069 346.705020 -1.611041 I11 1437 1438
60874.309578 346.698503 -1.623829 I11 1438 1439
60874.311972 345.997961 -10.898229 I11 1439 1440
60874.340811 291.463146 -24.564143 I11 1440 1442
60874.342271 294.828590 -25.631942 I11 1442 1443
60874.345196 302.835797 -24.437679 I11 1443 1444
60874.347671 307.017183 -23.167125 I11 1444 1445
60874.348172 302.781368 -25.967205 I11 1445 1446
60874.349527 309.340649 -26.370496 I11 1446 1447
60874.353007 316.478436 -26.439082 I11 1447 1448
60874.356519 312.016196 -17.941788 I11 1448 1449
60874.357889 308.544110 -12.070395 I11 1449 1450
60874.358874 302.601457 -14.750185 I11 1450 1451
60874.359861 302.602609 -14.749569 I11 1451 1452
60874.368465 294.813113 -25.667587 I11 1452 1453
60874.368911 291.524297 -24.523672 I11 1453 1455
60874.370338 294.812027 -25.670139 I11 1455 1456
60874.373732 302.808736 -24.416247 I11 1456 1457
60874.376113 307.053736 -23.123838 I11 1457 1458
60874.376621 302.814220 -25.981704 I11 1458 1459
60874.378955 312.004154 -17.962175 I11 1459 1460
60874.379912 311.387454 -24.989148 I11 1460 1461
60874.384603 312.001131 -17.967306 I11 1461 1462
60874.385980 308.432668 -12.229704 I11 1462 1463
60874.386878 302.970632 -15.071803 I11 1463 1465
60874.387833 302.635545 -14.732056 I11 1465 1466
60874.985867 251.911334 -33.381204 I11 1466 1467
60874.994880 244.756028 -18.081083 I11 1467 1468
60874.998426 248.253268 -17.395405 I11 1468 1469
60875.000371 256.949270 -26.482715 I11 1469 1470
60875.062588 265.954769 -14.083001 I11 1470 1471
60875.071688 276.091444 -23.037999 I11 1471 1472
60875.072817 281.183854 -25.214541 I11 1472 1473
60875.074528 277.058672 -31.370376 I11 1473 1474
60875.076825 281.194378 -25.213387 I11 1474 1475
60875.120646 293.043570 -24.876832 I11 1475 1476
60875.121791 293.459794 -22.177796 I11 1476 1477
60875.145469 239.440922 -22.403607 I11 1477 1478
60875.158460 310.987447 -27.158002 I11 1478 1479
60875.159103 308.142618 -21.972138 I11 1479 1480
60875.160244 314.634439 -24.962074 I11 1480 1481
60875.161391 314.638197 -24.962069 I11 1481 1482
60875.164217 311.597415 -18.686051 I11 1482 1483
60875.174597 303.651530 -14.249701 I11 1483 1484
60875.175185 305.487598 -16.529919 I11 1484 1485
60875.176342 305.292890 -16.668123 I11 1485 1487
60875.178153 298.269642 -11.780559 I11 1487 1488
60875.203971 319.629482 -20.263350 I11 1488 1489
60875.207394 328.752143 -21.226871 I11 1489 1490
60875.207950 331.821106 -21.642857 I11 1490 1491
60875.208518 331.449065 -18.222235 I11 1491 1492
60875.210842 331.319950 -14.530547 I11 1492 1493
60875.211383 331.320819 -14.531278 I11 1493 1494
60875.211920 333.788257 -11.036361 I11 1494 1495
60875.215501 325.145260 -4.798187 I11 1495 1496
60875.231159 344.645336 -15.358012 I11 1496 1497
60875.231644 345.134335 -8.895489 I11 1497 1498
60875.232574 345.133365 -8.893458 I11 1498 1499
60875.233630 339.772446 1.623623 I11 1499 1500
60875.234275 324.678256 -14.969355 I11 1500 1501
60875.240284 339.785925 -17.615697 I11 1501 1502
60875.251618 332.424620 1.028079 I11 1502 1503
60875.253003 330.981137 -5.028438 I11 1503 1504
60875.262510 352.435902 -0.031066 I11 1504 1505
60875.272704 355.819722 1.104441 I11 1505 1506
60875.273630 357.965728 5.863736 I11 1506 1508
60875.277621 0.536522 -10.580819 I11 1508 1509
60875.281533 0.176997 11.613764 I11 1509 1510
60875.287261 358.909365 2.047831 I11 1510 1511
60875.287721 357.730303 4.583281 I11 1511 1512
60875.288165 355.820683 1.076331 I11 1512 1513
60875.289070 352.487901 -0.007511 I11 1513 1514
60875.291337 346.213245 -2.636692 I11 1514 1515
60875.293651 339.779751 1.533420 I11 1515 1516
60875.298344 345.064051 -8.749528 I11 1516 1517
60875.313265 358.934865 2.053336 I11 1517 1518
60875.314836 352.538268 0.015373 I11 1518 1519
60875.317149 346.199212 -2.663574 I11 1519 1520
60875.319487 339.782777 1.494495 I11 1520 1521
60875.324509 345.036224 -8.692114 I11 1521 1522
60875.362255 58.065370 -48.576023 I11 1522 1523
60875.362691 58.065139 -48.576565 I11 1523 1524
60875.363127 58.064906 -48.577109 I11 1524 1525
60875.369101 320.610534 -16.050771 I11 1525 1526
60875.371390 328.899520 -21.371713 I11 1526 1527
60875.379233 328.906796 -21.378516 I11 1527 1528
60875.381583 331.690357 -21.472427 I11 1528 1529
60875.382095 324.918038 -14.904796 I11 1529 1530
60875.382572 331.735503 -17.931155 I11 1530 1531
60875.386953 331.686322 -21.467102 I11 1531 1532
60875.388115 324.927937 -14.902091 I11 1532 1533
60875.389995 331.747858 -17.918509 I11 1533 1534
60875.390800 324.932358 -14.900883 I11 1534 1535
60875.978010 253.052262 -22.843010 I11 1535 1537
60875.985908 254.030926 -25.372866 I11 1537 1538
60875.989553 253.143659 -22.848650 I11 1538 1540
60875.996499 248.763662 -18.432107 I11 1540 1541
60875.996945 244.827298 -19.319634 I11 1541 1542
60876.015612 267.456189 -21.317533 I11 1542 1543
60876.016204 266.723369 -15.143104 I11 1543 1544
60876.016742 266.723759 -15.143685 I11 1544 1545
60876.019474 266.725739 -15.146636 I11 1545 1546
60876.022250 267.465015 -21.313587 I11 1546 1547
60876.024494 273.531301 -21.769020 I11 1547 1548
60876.030389 282.483235 -32.926299 I11 1548 1549
60876.034063 283.835223 -24.883338 I11 1549 1550
60876.036357 279.258787 -22.018774 I11 1550 1551
60876.040883 266.741190 -15.169712 I11 1551 1552
60876.043054 266.742751 -15.172047 I11 1552 1553
60876.048275 273.534351 -21.807273 I11 1553 1554
60876.072841 283.934757 -24.870865 I11 1554 1555
60876.075156 279.380137 -21.977447 I11 1555 1556
60876.080178 266.769302 -15.211845 I11 1556 1557
60876.082950 281.910179 -15.031396 I11 1557 1558
60876.084059 285.064935 -19.465149 I11 1558 1559
60876.085749 293.746064 -28.751672 I11 1559 1560
60876.086289 294.290243 -25.208422 I11 1560 1561
60876.092956 294.175401 -11.452688 I11 1561 1562
60876.094098 296.320203 -19.396765 I11 1562 1563
60876.095743 293.735846 -28.774799 I11 1563 1564
60876.097952 296.330105 -19.386260 I11 1564 1565
60876.103066 243.504696 -19.275922 I11 1565 1567
60876.113105 301.237616 -23.136662 I11 1567 1568
60876.113644 301.687822 -22.124288 I11 1568 1570
60876.115266 304.893505 -13.640612 I11 1570 1571
60876.116333 299.511270 -11.635719 I11 1571 1572
60876.121602 305.115205 -26.968940 I11 1572 1573
60876.123491 304.903709 -13.635281 I11 1573 1574
60876.124891 307.347522 -18.511138 I11 1574 1575
60876.127493 248.823684 -18.566303 I11 1575 1576
60876.130290 243.519726 -19.297963 I11 1576 1578
60876.145259 254.270366 -24.128797 I11 1578 1580
60876.145854 256.303088 -23.111174 I11 1580 1582
60876.146428 253.694481 -22.742165 I11 1582 1583
60876.156180 248.837036 -18.595376 I11 1583 1584
60876.158963 243.535674 -19.321094 I11 1584 1586
60876.174051 253.428202 -25.139895 I11 1586 1587
60876.174615 256.503213 -23.121684 I11 1587 1589
60876.175197 253.743548 -22.763177 I11 1589 1590
60876.206331 333.160264 -16.215158 I11 1590 1592
60876.206772 333.073385 -15.897070 I11 1592 1593
60876.207686 334.741998 -9.705454 I11 1593 1594
60876.210800 325.644439 -3.340125 I11 1594 1595
60876.221034 321.477753 -16.540933 I11 1595 1596
60876.222966 326.404544 -14.527330 I11 1596 1597
60876.224402 321.668119 -21.585498 I11 1597 1598
60876.225855 329.892631 -22.190533 I11 1598 1599
60876.227265 331.077713 -20.627910 I11 1599 1600
60876.236584 339.520878 -6.886806 I11 1600 1601
60876.238237 344.155242 -6.672769 I11 1601 1602
60876.238797 345.334245 -7.418634 I11 1602 1604
60876.239332 345.725439 -3.631580 I11 1604 1605
60876.242570 339.958027 0.071237 I11 1605 1606
60876.243111 338.425084 3.192810 I11 1606 1607
60876.245851 332.480669 -0.077677 I11 1607 1608
60876.246387 332.137013 -5.378209 I11 1608 1609
60876.247513 334.776612 -9.651797 I11 1609 1610
60876.248054 332.138880 -5.378815 I11 1610 1611
60876.259325 346.538133 -8.154719 I11 1611 1612
60876.262019 354.536217 0.879975 I11 1612 1613
60876.271282 1.287844 -10.939559 I11 1613 1615
60876.275082 359.909898 2.256384 I11 1615 1616
60876.275617 359.910435 2.256497 I11 1616 1617
60876.281678 3.069811 14.082623 I11 1617 1618
60876.282115 1.522226 11.201041 I11 1618 1619
60876.282551 358.455515 8.362261 I11 1619 1621
60876.283010 359.424212 6.332665 I11 1621 1622
60876.287570 8.230004 1.534557 I11 1622 1623
60876.293360 310.978665 -19.743374 I11 1623 1624
60876.293823 308.656823 -19.575833 I11 1624 1626
60876.294259 310.284966 -20.036044 I11 1626 1628
60876.303776 58.365320 -49.647354 I11 1628 1630
60876.304212 58.365889 -49.647384 I11 1630 1632
60876.312116 58.376188 -49.647922 I11 1632 1634
60876.312552 58.376755 -49.647952 I11 1634 1636
60876.312989 58.377324 -49.647981 I11 1636 1638
60876.349528 310.945994 -19.796176 I11 1638 1639
60876.349981 310.945731 -19.796602 I11 1639 1640
60876.354062 308.761749 -19.586126 I11 1640 1642
60876.357684 299.810204 -11.594906 I11 1642 1643
60876.360900 301.012602 -22.955716 I11 1643 1644
60876.362265 305.407155 -27.103827 I11 1644 1645
60876.366858 318.257293 -24.835309 I11 1645 1646
60876.367303 318.962018 -26.129299 I11 1646 1648
60876.370753 321.971780 -21.794441 I11 1648 1649
60876.373001 310.306545 -20.015259 I11 1649 1651
60876.373441 310.932174 -19.818625 I11 1651 1652
60876.377558 308.803310 -19.589961 I11 1652 1654
60876.380285 305.222404 -13.462073 I11 1654 1655
60876.384305 300.991705 -22.938481 I11 1655 1656
60876.385665 305.436996 -27.115904 I11 1656 1657
60876.390217 318.312450 -24.830510 I11 1657 1658
60876.390653 319.005505 -26.131303 I11 1658 1660
60876.392948 326.694553 -14.446990 I11 1660 1661
60876.394332 330.072856 -22.363743 I11 1661 1662
60876.394805 330.946817 -20.457380 I11 1662 1663
60876.395701 341.965432 -18.142771 I11 1663 1664
60876.396159 333.477700 -16.186033 I11 1664 1666
60877.020949 268.821088 -20.717298 I11 1666 1667
60877.031563 286.497313 -24.501674 I11 1667 1668
60877.042710 267.506366 -16.199264 I11 1668 1669
60877.048784 266.284465 -22.617461 I11 1669 1670
60877.049319 268.856817 -20.701015 I11 1670 1671
60877.052824 273.714312 -23.372221 I11 1671 1672
60877.060096 286.568302 -24.491521 I11 1672 1673
60877.061814 282.666252 -20.840253 I11 1673 1674
60877.071502 267.525982 -16.227848 I11 1674 1675
60877.072102 267.526389 -16.228442 I11 1675 1676
60877.082221 292.741048 -31.393969 I11 1676 1677
60877.084508 286.628539 -24.482594 I11 1677 1678
60877.090082 283.381521 -19.880169 I11 1678 1679
60877.094701 300.381890 -22.424895 I11 1679 1680
60877.096372 298.941021 -16.718497 I11 1680 1681
60877.100807 295.676868 -25.563466 I11 1681 1682
60877.106809 322.384643 -17.055542 I11 1682 1683
60877.108610 328.030412 -14.098849 I11 1683 1684
60877.109966 331.067931 -23.158057 I11 1684 1685
60877.111778 334.772274 -17.199929 I11 1685 1686
60877.112225 334.825408 -16.079884 I11 1686 1688
60877.131899 312.132590 -8.778139 I11 1688 1689
60877.134224 306.287944 -12.945184 I11 1689 1690
60877.140347 322.417275 -17.075740 I11 1690 1691
60877.142197 328.091265 -14.082681 I11 1691 1692
60877.143579 331.112384 -23.199777 I11 1692 1693
60877.144498 330.387507 -19.683561 I11 1693 1694
60877.145430 334.834970 -17.250637 I11 1694 1695
60877.145875 334.885235 -16.076354 I11 1695 1697
60877.146767 328.099510 -14.080470 I11 1697 1698
60877.155347 312.161317 -9.015673 I11 1698 1699
60877.157736 306.318235 -12.928944 I11 1699 1700
60877.159917 301.009928 -11.460127 I11 1700 1701
60877.163091 258.040836 -24.148025 I11 1701 1702
60877.183262 306.350977 -12.911189 I11 1702 1703
60877.184563 310.694830 -19.060566 I11 1703 1704
60877.189119 324.081588 -23.092255 I11 1704 1705
60877.197894 347.534020 -7.777468 I11 1705 1706
60877.200119 345.209886 -4.655734 I11 1706 1707
60877.204155 339.623894 2.474451 I11 1707 1708
60877.204619 340.128017 -1.479724 I11 1708 1709
60877.205548 340.472568 -6.480373 I11 1709 1710
60877.209268 333.285652 -5.735110 I11 1710 1711
60877.209739 335.701858 -8.332854 I11 1711 1712
60877.210654 335.041077 -14.789521 I11 1712 1713
60877.214333 341.863916 -15.525001 I11 1713 1714
60877.221379 347.558899 -7.767792 I11 1714 1715
60877.228990 339.656043 2.454226 I11 1715 1716
60877.229430 339.656614 2.453866 I11 1716 1717
60877.229903 340.130722 -1.521448 I11 1717 1718
60877.234652 333.314850 -5.744822 I11 1718 1719
60877.235139 335.723950 -8.297812 I11 1719 1720
60877.236061 335.082296 -14.745355 I11 1720 1721
60877.239779 341.814499 -15.528668 I11 1721 1722
60877.246138 343.149507 -4.423186 I11 1722 1723
60877.249468 332.523324 -1.274707 I11 1723 1724
60877.261241 356.760739 1.842311 I11 1724 1725
60877.280672 9.424499 2.020595 I11 1725 1726
60877.282009 0.948678 2.468552 I11 1726 1727
60877.282460 356.807522 1.863349 I11 1727 1728
60877.283376 359.874577 6.451830 I11 1728 1730
60877.283839 358.196430 11.428134 I11 1730 1731
60877.284765 357.695236 7.553108 I11 1731 1732
60877.289882 356.823866 1.870712 I11 1732 1733
60877.296438 356.046056 -2.389514 I11 1733 1734
60877.303026 12.798741 -4.344119 I11 1734 1735
60877.304840 9.453678 2.032692 I11 1735 1736
60877.306191 0.973312 2.473654 I11 1736 1737
60877.306651 356.860768 1.887353 I11 1737 1738
60877.307573 359.898662 6.463766 I11 1738 1740
60877.308963 357.695696 7.515637 I11 1740 1741
60877.381487 322.647383 -17.217385 I11 1741 1742
60878.015133 299.603698 -21.765385 I11 1742 1743
60878.036318 285.936824 -19.632784 I11 1743 1744
60878.037259 289.084357 -24.082965 I11 1744 1745
60878.105644 305.589635 -8.808453 I11 1745 1746
60878.106115 307.680054 -12.244527 I11 1746 1747
60878.106584 307.680692 -12.244188 I11 1747 1748
60878.113131 312.449498 -22.206410 I11 1748 1749
60878.116315 323.420575 -17.651130 I11 1749 1750
60878.117234 323.421480 -17.651691 I11 1750 1751
60878.119966 324.514976 -12.434878 I11 1751 1752
60878.126418 307.707602 -12.229828 I11 1752 1753
60878.126894 307.708246 -12.229483 I11 1753 1754
60878.128779 311.803547 -17.748204 I11 1754 1755
60878.131157 309.926863 -21.501350 I11 1755 1756
60878.133448 302.562993 -11.277383 I11 1756 1757
60878.140940 307.960969 -28.124812 I11 1757 1758
60878.145255 256.903926 -24.030556 I11 1758 1759
60878.156226 268.308651 -17.253711 I11 1759 1760
60878.165303 249.904617 -20.597918 I11 1760 1761
60878.166422 245.037027 -21.885286 I11 1761 1762
60878.166963 246.661972 -22.197822 I11 1762 1763
60878.182133 9.268478 -42.494346 I11 1763 1764
60878.184128 9.271542 -42.495799 I11 1764 1765
60878.184564 9.272212 -42.496117 I11 1765 1766
60878.185000 9.272882 -42.496434 I11 1766 1767
60878.185437 9.273553 -42.496753 I11 1767 1768
60878.187357 9.276502 -42.498151 I11 1768 1769
60878.187886 9.277314 -42.498536 I11 1769 1770
60878.188416 9.278128 -42.498922 I11 1770 1771
60878.188945 9.278940 -42.499308 I11 1771 1772
60878.193698 329.565937 -18.569196 I11 1772 1773
60878.197604 334.490428 -6.119776 I11 1773 1774
60878.198154 332.554924 -2.485628 I11 1774 1775
60878.201445 323.623613 -6.063481 I11 1775 1776
60878.203719 324.586996 -12.387106 I11 1776 1777
60878.207232 322.137184 -24.607158 I11 1777 1778
60878.207801 327.327503 -25.031782 I11 1778 1779
60878.211686 336.147770 -18.945549 I11 1779 1781
60878.213124 340.122400 -15.620567 I11 1781 1782
60878.213594 336.810116 -13.011427 I11 1782 1783
60878.217275 341.227278 -2.715305 I11 1783 1785
60878.220013 336.668782 -6.917745 I11 1785 1786
60878.229343 342.147552 -2.215115 I11 1786 1787
60878.230249 343.070741 -5.904588 I11 1787 1789
60878.232663 343.071198 -5.905367 I11 1789 1791
60878.233124 340.294229 -3.215032 I11 1791 1792
60878.234477 336.681323 -6.897343 I11 1792 1793
60878.235390 334.534958 -6.134959 I11 1793 1794
60878.237242 332.552883 -2.537301 I11 1794 1795
60878.239541 323.645678 -6.156582 I11 1795 1796
60878.243103 330.194992 -13.508073 I11 1796 1797
60878.244529 336.859520 -12.956596 I11 1797 1798
60878.250151 348.722472 -7.322053 I11 1798 1799
60878.253932 343.075204 -5.912233 I11 1799 1801
60878.254397 341.208141 -2.705645 I11 1801 1803
60878.255305 340.296168 -3.253371 I11 1803 1804
60878.255750 336.699675 -6.867299 I11 1804 1805
60878.256701 334.559995 -6.143510 I11 1805 1806
60878.258627 332.551636 -2.565618 I11 1806 1807
60878.260993 323.657889 -6.208668 I11 1807 1808
60878.264521 330.235065 -13.496450 I11 1808 1809
60878.266022 336.893615 -12.918362 I11 1809 1810
60878.271765 348.746900 -7.312355 I11 1810 1811
60878.279328 3.609576 -8.584264 I11 1811 1812
60878.279790 3.610235 -8.583755 I11 1812 1813
60878.283002 2.001178 2.678872 I11 1813 1814
60878.283456 359.170647 2.880622 I11 1814 1815
60878.283915 2.299783 4.398517 I11 1815 1816
60878.284377 2.300210 4.398706 I11 1816 1817
60878.285285 2.034894 7.411422 I11 1817 1819
60878.285746 4.324448 10.279180 I11 1819 1820
60878.286643 0.824867 9.695772 I11 1820 1822
60878.287554 359.301091 7.656856 I11 1822 1823
60878.288466 357.737115 5.979328 I11 1823 1824
60878.290745 356.121858 -3.974826 I11 1824 1825
60878.310832 65.178149 -46.942505 I11 1825 1826
60878.311270 65.179420 -46.941900 I11 1826 1827
60878.313197 65.185010 -46.939240 I11 1827 1828
60878.313636 65.186284 -46.938634 I11 1828 1829
60878.314073 65.187551 -46.938030 I11 1829 1830
60878.323185 65.213958 -46.925444 I11 1830 1831
60878.328498 22.551841 11.645697 I11 1831 1834
60878.330755 18.265261 18.710678 I11 1834 1835
60878.331211 15.047547 15.606206 I11 1835 1836
60878.332123 17.821950 8.785047 I11 1836 1838
60878.332564 17.606350 8.534916 I11 1838 1839
60878.333018 15.749070 10.555897 I11 1839 1840
60878.338442 10.755074 2.561169 I11 1840 1841
60878.346762 21.954655 0.373591 I11 1841 1842
60878.348551 323.644545 -17.789946 I11 1842 1843
60878.353576 305.469421 -9.391855 I11 1843 1844
60878.367367 313.836353 -19.784929 I11 1844 1845
60878.367826 313.103762 -22.684110 I11 1845 1846
60878.368289 309.779227 -21.730755 I11 1846 1847
60878.371922 308.267937 -28.253713 I11 1847 1848
60878.372365 308.268552 -28.253941 I11 1848 1849
60878.373307 313.118162 -22.694156 I11 1849 1850
60878.376478 322.374779 -24.582925 I11 1850 1851
60878.379749 323.674894 -17.808092 I11 1851 1852
60878.384793 305.454982 -9.465404 I11 1852 1853
60878.386583 301.845352 -13.566024 I11 1853 1854
60878.387966 312.065953 -17.392555 I11 1854 1855
60878.392947 308.297328 -28.264496 I11 1855 1856
60878.393390 308.297953 -28.264722 I11 1856 1857
60878.394353 313.173725 -22.732665 I11 1857 1858
60879.077959 291.647542 -23.621906 I11 1858 1859
60879.078940 289.421125 -18.264063 I11 1859 1860
60879.082348 296.932925 -13.888915 I11 1860 1861
60879.101007 328.835977 -17.574425 I11 1861 1862
60879.101906 331.930395 -13.021283 I11 1862 1863
60879.102813 325.429646 -11.855235 I11 1863 1864
60879.116750 304.289743 -11.071204 I11 1864 1865
60879.117215 304.272738 -11.507825 I11 1865 1868
60879.148115 309.228038 -11.453613 I11 1868 1869
60879.149090 304.343801 -11.064525 I11 1869 1870
60879.149536 304.292915 -11.585134 I11 1870 1872
60879.157097 309.307311 -22.499681 I11 1872 1873
60879.159426 314.900634 -25.389202 I11 1873 1874
60879.159989 315.347745 -24.172969 I11 1874 1875
60879.166912 312.948062 -16.347046 I11 1875 1876
60879.168109 312.949205 -16.345472 I11 1876 1877
60879.171189 10.716402 -44.026845 I11 1877 1879
60879.171718 10.716147 -44.026712 I11 1879 1881
60879.172246 10.715893 -44.026579 I11 1881 1883
60879.172775 10.715638 -44.026446 I11 1883 1885
60879.174963 10.714580 -44.025894 I11 1885 1887
60879.175399 10.714368 -44.025784 I11 1887 1889
60879.175836 10.714156 -44.025674 I11 1889 1891
60879.176271 10.713945 -44.025564 I11 1891 1893
60879.176708 10.713733 -44.025454 I11 1893 1895
60879.179064 10.822545 -43.188719 I11 1895 1896
60879.181211 10.825885 -43.190246 I11 1896 1897
60879.181646 10.826562 -43.190556 I11 1897 1898
60879.182082 10.827240 -43.190866 I11 1898 1899
60879.182519 10.710893 -44.023987 I11 1899 1901
60879.182956 10.710678 -44.023877 I11 1901 1903
60879.185990 332.097489 -12.973482 I11 1903 1904
60879.188180 332.570713 -3.836745 I11 1904 1905
60879.194386 336.669152 -6.026805 I11 1905 1907
60879.205759 258.356846 -24.574198 I11 1907 1908
60879.261768 342.586061 -5.568192 I11 1908 1909
60879.262331 344.029133 -6.902150 I11 1909 1910
60879.285514 341.992981 0.277807 I11 1910 1912
60879.290527 5.239620 -3.692513 I11 1912 1913
60879.291476 12.013296 3.069463 I11 1913 1914
60879.291930 8.584051 4.788659 I11 1914 1915
60879.292841 5.788889 9.765478 I11 1915 1916
60879.294209 9.414599 15.411530 I11 1916 1918
60879.295092 5.541977 11.298163 I11 1918 1920
60879.295541 5.289721 12.831821 I11 1920 1921
60879.296439 2.256380 10.106806 I11 1921 1922
60879.296896 4.412377 6.139962 I11 1922 1923
60879.323373 17.203685 11.091844 I11 1923 1924
60879.328114 11.801814 -6.771691 I11 1924 1925
60879.329507 19.034886 -1.191690 I11 1925 1926
60879.330427 18.541302 -1.429899 I11 1926 1928
60879.332145 18.928272 4.569979 I11 1928 1929
60879.334203 23.717318 4.760145 I11 1929 1930
60879.335107 24.715414 11.710309 I11 1930 1931
60879.335556 24.878800 12.916838 I11 1931 1932
60879.341307 12.079281 3.096656 I11 1932 1933
60879.342563 13.447882 -1.188490 I11 1933 1934
60879.343810 22.973733 0.757169 I11 1934 1935
60879.344270 24.526222 0.220989 I11 1935 1936
60879.346543 26.834607 9.017918 I11 1936 1937
60879.350381 313.122160 -16.102847 I11 1937 1938
60879.354048 305.036753 -11.798713 I11 1938 1939
60879.354512 304.691236 -11.016171 I11 1939 1940
60879.382170 10.599456 -43.968436 I11 1940 1942
60879.382606 10.599199 -43.968298 I11 1942 1944
60879.383044 10.598939 -43.968159 I11 1944 1946
60879.383480 10.598681 -43.968020 I11 1946 1948
60879.385656 10.597393 -43.967330 I11 1948 1950
60879.386185 10.597080 -43.967161 I11 1950 1952
60879.388345 11.143494 -43.335252 I11 1952 1953
60879.388782 10.595544 -43.966333 I11 1953 1955
60879.389220 10.033983 -44.593845 I11 1955 1956
60879.389655 10.595027 -43.966053 I11 1956 1958
60879.392363 10.593426 -43.965185 I11 1958 1960
60879.392892 10.593113 -43.965015 I11 1960 1962
60879.393422 10.592800 -43.964845 I11 1962 1964
60880.182478 272.691565 -18.982289 I11 1964 1965
60880.191004 259.588250 -25.013664 I11 1965 1966
60880.216590 272.728388 -18.964478 I11 1966 1967
60880.225137 259.627314 -25.027189 I11 1967 1968
60880.238757 323.087762 -3.379385 I11 1968 1969
60880.244155 325.723854 -10.740736 I11 1969 1971
60880.247477 335.608977 -15.822245 I11 1971 1972
60880.249948 340.838771 -18.907620 I11 1972 1973
60880.252855 340.584085 -6.250193 I11 1973 1974
60880.253826 334.339665 -12.320970 I11 1974 1975
60880.254311 337.081097 -6.978882 I11 1975 1976
60880.255758 332.564645 -5.399950 I11 1976 1977
60880.256742 338.613238 -3.981570 I11 1977 1978
60880.257682 340.183627 1.748437 I11 1978 1980
60880.260637 343.665499 -5.099021 I11 1980 1981
60880.261091 342.134814 -5.651458 I11 1981 1983
60880.266717 353.496654 -15.739142 I11 1983 1984
60880.268151 351.269044 -6.333442 I11 1984 1985
60880.269074 356.206744 -6.894044 I11 1985 1986
60880.275033 357.775659 2.761440 I11 1986 1987
60880.281075 345.045456 -0.955969 I11 1987 1988
60880.295460 6.640876 -6.294929 I11 1988 1989
60880.296889 7.287256 9.218385 I11 1989 1990
60880.298239 6.621214 12.831459 I11 1990 1991
60880.299152 4.029774 9.486823 I11 1991 1993
60880.299613 6.318168 6.035492 I11 1993 1994
60880.318191 19.014959 13.571271 I11 1994 1996
60880.318649 22.814378 14.178604 I11 1996 1997
60880.320455 17.542967 16.483113 I11 1997 1998
60880.324047 13.439978 3.644271 I11 1998 1999
60880.324508 13.440618 3.644533 I11 1999 2000
60880.332537 23.995044 1.141249 I11 2000 2001
60880.334355 24.692213 5.160280 I11 2001 2002
60880.339995 6.533701 -4.826694 I11 2002 2004
60880.353389 319.246770 -24.076586 I11 2004 2005
60880.359885 12.679120 -43.990599 I11 2005 2006
60880.360342 7.792958 -43.321493 I11 2006 2007
60880.360797 12.680522 -43.991210 I11 2007 2008
60880.361763 7.789489 -43.319702 I11 2008 2009
60880.362704 7.787190 -43.318513 I11 2009 2010
60880.363162 7.786074 -43.317937 I11 2010 2011
60880.365462 7.780461 -43.315032 I11 2011 2012
60880.366840 7.777098 -43.313290 I11 2012 2013
60880.367298 7.775980 -43.312711 I11 2013 2014
60880.368680 7.772608 -43.310962 I11 2014 2015
60880.369608 12.694069 -43.997109 I11 2015 2016
60880.370065 12.694773 -43.997415 I11 2016 2017
60880.371448 12.696899 -43.998339 I11 2017 2018
60880.371912 7.764723 -43.306866 I11 2018 2019
60880.372377 7.763589 -43.306276 I11 2019 2020
60880.375177 7.756760 -43.302720 I11 2020 2021
60880.375635 7.755643 -43.302137 I11 2021 2022
60880.376090 7.754534 -43.301559 I11 2022 2023
60880.377473 7.751162 -43.299799 I11 2023 2024
60880.381677 7.740915 -43.294442 I11 2024 2025
60880.382598 7.738671 -43.293267 I11 2025 2026
60880.385379 12.718311 -44.007633 I11 2026 2027
60880.386299 7.729655 -43.288537 I11 2027 2028
60880.387219 7.727413 -43.287358 I11 2028 2029
60880.387673 7.726310 -43.286778 I11 2029 2030
60880.388136 7.725182 -43.286185 I11 2030 2031
60880.388592 7.724072 -43.285601 I11 2031 2032
60880.392764 7.713919 -43.280250 I11 2032 2033
60880.394996 7.708491 -43.277382 I11 2033 2034
60880.396159 7.705663 -43.275886 I11 2034 2035
60885.104538 231.828267 -39.701006 I11 2035 2036
60885.106600 235.789053 -32.904085 I11 2036 2037
60885.109863 231.830993 -39.706047 I11 2037 2038
60885.110848 231.831498 -39.706979 I11 2038 2039
60885.112884 235.800112 -32.902998 I11 2039 2040
60885.122507 231.837491 -39.718004 I11 2040 2041
60885.123482 231.837993 -39.718926 I11 2041 2042
60885.125491 235.822311 -32.900803 I11 2042 2043
60885.128749 231.840711 -39.723902 I11 2043 2044
60885.131724 235.833293 -32.899713 I11 2044 2045
60885.335644 58.079233 -48.214826 I11 2045 2046
60885.345856 321.597536 -23.294271 I11 2046 2047
60885.347661 325.316482 -21.803177 I11 2047 2048
60885.348584 331.059365 -22.010139 I11 2048 2049
60885.349514 325.319133 -21.830992 I11 2049 2050
60885.352759 314.535658 -15.616421 I11 2050 2051
60885.354583 314.661789 -11.025456 I11 2051 2052
60885.355034 314.662707 -11.023907 I11 2052 2053
60885.356874 308.788141 -9.336719 I11 2053 2054
60885.357343 308.789373 -9.336060 I11 2054 2055
60885.360087 313.080534 -16.899139 I11 2055 2056
60885.361449 303.282521 -19.211461 I11 2056 2057
60885.368563 320.554552 -26.924248 I11 2057 2058
60885.369486 321.499695 -22.955668 I11 2058 2059
60885.370853 321.494066 -22.935770 I11 2059 2060
60885.371300 325.351432 -22.158409 I11 2060 2061
60885.372205 331.083156 -22.023870 I11 2061 2062
60885.380867 308.851411 -9.302998 I11 2062 2063
60885.383131 310.494762 -16.429757 I11 2063 2064
60885.384920 303.968237 -19.894551 I11 2064 2066
60885.386760 313.511793 -23.386911 I11 2066 2067
60885.387208 313.511261 -23.386831 I11 2067 2068
60885.390487 334.438633 -19.038926 I11 2068 2069
60885.392314 341.089596 -17.387765 I11 2069 2070
60885.392776 339.231262 -16.541009 I11 2070 2071
60885.393706 332.268119 -14.653726 I11 2071 2072
60894.349635 56.869635 -49.988243 I11 2072 2073
60894.350071 56.870573 -49.988368 I11 2073 2074
60894.350508 56.871514 -49.988493 I11 2074 2075
60894.357948 334.332289 -20.185578 I11 2075 2076
60894.368395 327.679052 -18.989126 I11 2076 2077
60894.383120 327.663823 -18.975887 I11 2077 2078
60894.388679 334.295264 -20.204792 I11 2078 2079
60897.298626 9.489375 -42.043031 I11 2079 2080
60897.301389 9.494837 -42.043330 I11 2080 2081
60897.301847 9.495742 -42.043379 I11 2081 2082
60897.304591 9.501163 -42.043672 I11 2082 2083
60897.305049 9.502068 -42.043720 I11 2083 2084
60897.305508 9.502976 -42.043769 I11 2084 2085
60897.305966 9.503879 -42.043817 I11 2085 2086
60897.306893 9.505709 -42.043914 I11 2086 2087
60897.307815 9.507529 -42.044010 I11 2087 2088
60897.309184 9.510232 -42.044152 I11 2088 2089
60897.310123 9.512085 -42.044249 I11 2089 2090
60897.316915 9.525481 -42.044936 I11 2090 2091
60897.318743 9.529084 -42.045116 I11 2091 2092
60897.325204 9.541813 -42.045739 I11 2092 2093
60897.326176 9.543727 -42.045831 I11 2093 2094
60897.326618 9.544597 -42.045873 I11 2094 2095
60897.327084 9.545515 -42.045916 I11 2095 2096
60897.330057 9.551368 -42.046192 I11 2096 2097
60897.330517 9.552273 -42.046235 I11 2097 2098
60897.333291 9.557732 -42.046487 I11 2098 2099
60897.340465 9.571846 -42.047121 I11 2099 2100
60897.343743 9.578292 -42.047401 I11 2100 2101
60898.212717 299.036388 -20.401815 I11 2101 2102
60898.215534 308.872548 -17.522651 I11 2102 2103
60898.217496 308.261823 -16.665224 I11 2103 2104
60898.231441 308.538964 -17.102680 I11 2104 2106
60898.277422 308.455210 -17.127407 I11 2106 2108
60898.281125 298.964504 -20.381953 I11 2108 2109
60898.296148 308.421423 -17.137337 I11 2109 2111
60898.297088 308.127670 -16.677951 I11 2111 2112
60898.299818 298.945025 -20.376477 I11 2112 2113
60898.312549 308.683738 -17.611170 I11 2113 2114
60898.313472 308.100201 -16.680510 I11 2114 2115
60898.324281 308.371088 -17.152125 I11 2115 2117
60900.380469 324.906797 -8.525485 I11 2117 2118
60900.382686 332.068832 -14.549053 I11 2118 2119
60900.391529 324.902298 -8.512679 I11 2119 2120
60900.393762 332.073776 -14.565115 I11 2120 2121
60901.284656 50.900904 -27.938109 I11 2121 2122
60901.335609 332.540033 -15.949874 I11 2122 2123
60901.338324 320.016693 -11.908247 I11 2123 2124
60901.347658 332.545204 -15.967406 I11 2124 2125
60901.350395 320.002284 -11.894485 I11 2125 2126
60901.351307 320.001197 -11.893445 I11 2126 2127
60901.357624 332.549524 -15.981896 I11 2127 2128
60901.359424 332.550308 -15.984511 I11 2128 2129
60901.359866 332.550501 -15.985154 I11 2129 2130
60901.365279 319.984556 -11.877505 I11 2130 2131
60901.365738 319.984009 -11.876980 I11 2131 2132
60901.370931 332.555353 -16.001227 I11 2132 2133
60901.376790 319.970875 -11.864365 I11 2133 2134
60901.380467 332.559577 -16.015070 I11 2134 2135
60901.384025 341.513827 -6.905990 I11 2135 2136
60901.384465 339.103252 -4.858098 I11 2136 2137
60901.391733 332.564621 -16.031415 I11 2137 2138
60901.395736 339.091162 -4.859555 I11 2138 2139
60902.122657 332.945305 -17.106887 I11 2139 2140
60902.126794 342.972187 -7.571758 I11 2140 2141
60902.128172 345.849299 -8.691683 I11 2141 2142
60902.137658 338.326952 -4.955983 I11 2142 2143
60902.138978 334.003945 -4.649980 I11 2143 2144
60902.141216 326.703965 -7.952129 I11 2144 2145
60902.143601 319.074671 -10.986462 I11 2145 2146
60902.156747 358.827800 0.351594 I11 2146 2147
60902.165872 358.840660 0.364513 I11 2147 2148
60902.187300 326.724677 -7.996013 I11 2148 2149
60902.188773 319.019444 -10.934215 I11 2149 2150
60902.189290 319.018813 -10.933618 I11 2150 2151
60904.163989 9.686316 -45.797915 I11 2151 2152
60904.164429 9.686956 -45.798065 I11 2152 2153
60904.178731 333.230167 -6.511511 I11 2153 2154
60904.185935 345.590505 -10.858249 I11 2154 2155
60904.221474 359.335292 1.834421 I11 2155 2156
60904.244243 345.580273 -10.920835 I11 2156 2157
60904.244723 346.971256 -9.430054 I11 2157 2158
60904.249386 359.363188 1.814352 I11 2158 2159
60904.256742 345.578058 -10.934238 I11 2159 2160
60904.257244 346.993167 -9.440812 I11 2160 2161
60904.262016 359.375735 1.805270 I11 2161 2162
60904.275077 307.124188 -14.792628 I11 2162 2163
60904.278716 298.255883 -17.438372 I11 2163 2164
60904.282327 300.232368 -21.818007 I11 2164 2165
60904.282789 300.231821 -21.818224 I11 2165 2166
60904.293369 307.109591 -14.779600 I11 2166 2167
60904.294717 305.818329 -18.413404 I11 2167 2168
60904.296980 298.225750 -17.439696 I11 2168 2169
60904.343243 327.776028 -10.024081 I11 2169 2170
60904.386641 327.796014 -10.064120 I11 2170 2171
60904.392923 345.554481 -11.080008 I11 2171 2172
60904.393373 347.232840 -9.556488 I11 2172 2173
60914.335806 337.601050 -14.063925 I11 2173 2175
60914.347030 337.608752 -14.082161 I11 2175 2177
60914.349340 337.405776 -13.584612 I11 2177 2178
60914.352933 339.305866 -3.073319 I11 2178 2179
60914.353855 337.577733 -9.185715 I11 2179 2180
60914.360521 337.410042 -13.604354 I11 2180 2181
60914.369131 337.835777 -14.616281 I11 2181 2182
60914.372282 350.654311 -8.126606 I11 2182 2183
60914.375001 339.344626 -3.177716 I11 2183 2184
60914.379633 337.631498 -14.135015 I11 2184 2186
60914.385555 339.363350 -3.227749 I11 2186 2187
60914.389651 350.629234 -8.124584 I11 2187 2188
60915.156776 336.244329 -7.768554 I11 2188 2190
60915.173934 335.644064 -6.731131 I11 2190 2191
60915.181188 335.637218 -6.734062 I11 2191 2192
60916.198006 334.677585 -7.158286 I11 2192 2193
60924.295373 355.950642 2.134501 I11 2193 2194
60924.301878 355.959333 2.137013 I11 2194 2195
60924.306943 0.718333 -1.150629 I11 2195 2196
60924.326839 355.992835 2.146620 I11 2196 2197
60925.221108 299.585310 -28.066992 I11 2197 2198
60932.283490 353.229100 2.618985 I11 2198 2199
60932.287180 340.500866 -6.959622 I11 2199 2200
60932.299026 340.505523 -6.947234 I11 2200 2201
60932.348269 348.336451 -8.036470 I11 2201 2202
60932.353371 348.334340 -8.045436 I11 2202 2203
60932.360227 348.331511 -8.057487 I11 2203 2204
60937.260988 8.213667 -45.805199 I11 2204 2205
60937.265932 8.200272 -45.804925 I11 2205 2206
60937.266393 8.199023 -45.804899 I11 2206 2207
60938.144092 317.736683 -20.962498 I11 2207 2208
60938.149330 314.314007 -13.376986 I11 2208 2209
60938.153084 304.746947 -23.178595 I11 2209 2210
60938.153554 299.474696 -22.158026 I11 2210 2211
60938.160131 317.820841 -21.008714 I11 2211 2212
60938.165311 314.424234 -13.446143 I11 2212 2213
60938.169063 304.758447 -23.196053 I11 2213 2214
60938.169513 300.649161 -22.523901 I11 2214 2216
60938.180276 317.926621 -21.066391 I11 2216 2217
60939.158431 303.337385 -22.471772 I11 2217 2218
60939.163554 321.183320 -17.392723 I11 2218 2219
60939.172980 303.358941 -22.464978 I11 2219 2220
60939.173909 306.349656 -24.909381 I11 2220 2222
60939.178009 321.272621 -17.443544 I11 2222 2223
60940.105586 299.896938 -19.853704 I11 2223 2224
60940.108400 306.564802 -24.573564 I11 2224 2226
60940.133481 299.902223 -19.821764 I11 2226 2227
60940.135785 302.500863 -22.334858 I11 2227 2228
60940.136239 306.857204 -23.826900 I11 2228 2229
60940.136718 304.857224 -22.024444 I11 2229 2230
